161,219,161,64,182,229,160,58,155,155,169,154,172,151,162,147
161,219,161,64,185,233,161,58,155,155,172,155,175,152,165,148
161,219,161,64,170,224,163,60,155,155,160,156,162,155,154,149
161,219,161,64,188,226,163,58,155,155,166,152,174,146,158,146
161,219,161,64,166,222,161,58,155,155,159,156,160,155,153,148
161,219,161,64,248,231,165,59,155,155,181,122,218,106,172,119
161,219,161,64,164,221,161,59,155,155,158,156,158,155,152,148
161,219,161,64,178,223,162,57,155,155,162,154,167,149,155,147
161,219,161,64,168,221,160,59,155,155,159,154,161,153,153,147
161,219,161,64,248,229,162,58,155,155,180,120,219,104,172,117
161,219,161,64,225,226,163,58,155,155,176,133,199,120,167,129
161,219,161,64,255,229,163,61,155,155,179,115,224,98,171,113
161,219,161,64,166,223,163,58,155,155,158,157,160,156,153,150
161,219,161,64,249,226,160,58,155,155,179,117,219,100,171,114
161,219,161,64,166,225,163,59,155,155,160,158,160,158,155,149
161,219,161,64,184,226,165,59,155,155,164,154,171,148,156,148
161,219,161,64,168,221,159,56,155,155,160,154,161,153,154,147
161,219,161,64,183,225,163,57,155,155,164,153,170,148,157,147
161,219,161,64,165,222,162,58,155,155,158,157,159,156,153,149
161,219,161,64,247,229,162,58,155,155,181,121,218,105,172,118
