209,232,125,75,206,229,123,221,195,125,127,16,120,89,127,16
209,232,125,75,204,229,124,68,195,125,193,127,193,127,192,126
209,232,125,75,208,231,123,243,195,125,112,-9,106,80,112,65527
209,232,125,75,205,231,120,69,195,125,196,124,195,127,195,124
209,232,125,75,205,230,119,69,195,125,195,124,194,126,195,123
209,232,125,75,207,230,121,69,195,125,195,125,195,125,195,124
209,232,125,75,205,229,123,67,195,125,193,127,194,126,193,126
209,232,125,75,206,232,120,70,195,125,197,124,195,127,196,123
209,232,125,75,206,231,121,70,195,125,196,124,195,126,195,124
209,232,125,75,205,230,123,236,195,125,116,-1,109,84,115,0
209,232,125,75,207,230,122,68,195,125,195,126,195,125,195,125
209,232,125,75,204,229,121,236,195,125,115,-2,108,84,114,65534
209,232,125,75,205,229,120,70,195,125,194,124,194,125,194,123
209,232,125,75,209,231,121,70,195,125,197,124,197,124,196,124
209,232,125,75,205,231,118,223,195,125,126,11,120,89,126,10
209,232,125,75,207,229,121,69,195,125,195,125,195,124,194,124
209,232,125,75,206,230,121,72,195,125,195,124,194,125,194,123
209,232,125,75,204,227,119,68,195,125,193,124,193,124,193,123
209,232,125,75,207,233,122,71,195,125,197,125,196,127,197,124
209,232,125,75,205,230,121,69,195,125,195,125,194,126,194,124
