21,186,262,186,1000,1000,1000,1000,15,185,1000,1000,1000,1000,15,98,1
21,186,262,186,1000,1000,1000,267,15,185,1000,1000,1000,1000,15,98,2
21,186,262,186,1000,1000,266,1000,15,185,1000,1000,1000,1000,15,98,3
21,186,262,186,1000,1000,266,267,15,185,-47,99,1000,1000,15,98,4
21,186,262,186,1000,186,1000,1000,15,185,1000,1000,1000,1000,15,98,5
21,186,262,186,1000,186,1000,267,15,185,1000,1000,1000,1000,15,98,6
21,186,262,186,1000,186,266,1000,15,185,10,186,1000,1000,15,98,7
21,186,262,186,1000,186,266,267,15,185,10,99,1000,1000,15,98,8
21,186,262,186,18,1000,1000,1000,15,185,1000,1000,1000,1000,15,98,9
21,186,262,186,18,1000,1000,267,15,185,-77,0,1000,1000,15,98,10
21,186,262,186,18,1000,266,1000,15,185,1000,1000,1000,1000,15,98,11
21,186,262,186,18,1000,266,267,15,185,-77,99,1000,1000,15,98,12
21,186,262,186,18,186,1000,1000,15,185,221,186,1000,1000,15,98,13
21,186,262,186,18,186,1000,267,15,185,-77,186,1000,1000,15,98,14
21,186,262,186,18,186,266,1000,15,185,10,186,1000,1000,15,98,15
21,186,262,186,18,186,266,267,15,185,0,146,-48,157,15,98,16
21,186,262,186,1000,1000,1000,1000,15,185,1000,1000,1000,1000,13,98,1
21,186,262,186,1000,1000,1000,269,15,185,1000,1000,1000,1000,13,98,2
21,186,262,186,1000,1000,268,1000,15,185,1000,1000,1000,1000,13,98,3
21,186,262,186,1000,1000,268,269,15,185,-49,99,1000,1000,13,98,4
21,186,262,186,1000,187,1000,1000,15,185,1000,1000,1000,1000,13,98,5
21,186,262,186,1000,187,1000,269,15,185,1000,1000,1000,1000,13,98,6
21,186,262,186,1000,187,268,1000,15,185,8,187,1000,1000,13,98,7
21,186,262,186,1000,187,268,269,15,185,8,99,1000,1000,13,98,8
21,186,262,186,18,1000,1000,1000,15,185,1000,1000,1000,1000,13,98,9
21,186,262,186,18,1000,1000,269,15,185,-80,0,1000,1000,13,98,10
21,186,262,186,18,1000,268,1000,15,185,1000,1000,1000,1000,13,98,11
21,186,262,186,18,1000,268,269,15,185,-80,99,1000,1000,13,98,12
21,186,262,186,18,187,1000,1000,15,185,223,187,1000,1000,13,98,13
21,186,262,186,18,187,1000,269,15,185,-80,187,1000,1000,13,98,14
21,186,262,186,18,187,268,1000,15,185,8,187,1000,1000,13,98,15
21,186,262,186,18,187,268,269,15,185,0,147,-51,157,13,98,16
21,186,262,186,1000,1000,1000,1000,15,185,1000,1000,1000,1000,28,184,1
21,186,262,186,1000,1000,1000,187,15,185,1000,1000,1000,1000,28,184,2
21,186,262,186,1000,1000,267,1000,15,185,1000,1000,1000,1000,28,184,3
21,186,262,186,1000,1000,267,187,15,185,13,191,1000,1000,28,184,4
21,186,262,186,1000,202,1000,1000,15,185,1000,1000,1000,1000,28,184,5
21,186,262,186,1000,202,1000,187,15,185,1000,1000,1000,1000,28,184,6
21,186,262,186,1000,202,267,1000,15,185,24,201,1000,1000,28,184,7
21,186,262,186,1000,202,267,187,15,185,24,191,1000,1000,28,184,8
21,186,262,186,17,1000,1000,1000,15,185,1000,1000,1000,1000,28,184,9
21,186,262,186,17,1000,1000,187,15,185,13,189,1000,1000,28,184,10
21,186,262,186,17,1000,267,1000,15,185,1000,1000,1000,1000,28,184,11
21,186,262,186,17,1000,267,187,15,185,13,191,1000,1000,28,184,12
21,186,262,186,17,202,1000,1000,15,185,195,201,1000,1000,28,184,13
21,186,262,186,17,202,1000,187,15,185,13,201,1000,1000,28,184,14
21,186,262,186,17,202,267,1000,15,185,24,201,1000,1000,28,184,15
21,186,262,186,17,202,267,187,15,185,23,198,17,198,28,184,16
21,186,262,186,1000,1000,1000,1000,15,185,1000,1000,1000,1000,22,178,1
21,186,262,186,1000,1000,1000,187,15,185,1000,1000,1000,1000,22,178,2
21,186,262,186,1000,1000,262,1000,15,185,1000,1000,1000,1000,22,178,3
21,186,262,186,1000,1000,262,187,15,185,13,184,1000,1000,22,178,4
21,186,262,186,1000,188,1000,1000,15,185,1000,1000,1000,1000,22,178,5
21,186,262,186,1000,188,1000,187,15,185,1000,1000,1000,1000,22,178,6
21,186,262,186,1000,188,262,1000,15,185,17,187,1000,1000,22,178,7
21,186,262,186,1000,188,262,187,15,185,17,184,1000,1000,22,178,8
21,186,262,186,16,1000,1000,1000,15,185,1000,1000,1000,1000,22,178,9
21,186,262,186,16,1000,1000,187,15,185,13,191,1000,1000,22,178,10
21,186,262,186,16,1000,262,1000,15,185,1000,1000,1000,1000,22,178,11
21,186,262,186,16,1000,262,187,15,185,13,184,1000,1000,22,178,12
21,186,262,186,16,188,1000,1000,15,185,181,188,1000,1000,22,178,13
21,186,262,186,16,188,1000,187,15,185,13,188,1000,1000,22,178,14
21,186,262,186,16,188,262,1000,15,185,17,188,1000,1000,22,178,15
21,186,262,186,16,188,262,187,15,185,17,187,14,187,22,178,16
21,186,262,186,1000,1000,1000,1000,15,185,1000,1000,1000,1000,17,181,1
21,186,262,186,1000,1000,1000,189,15,185,1000,1000,1000,1000,17,181,2
21,186,262,186,1000,1000,266,1000,15,185,1000,1000,1000,1000,17,181,3
21,186,262,186,1000,1000,266,189,15,185,12,188,1000,1000,17,181,4
21,186,262,186,1000,188,1000,1000,15,185,1000,1000,1000,1000,17,181,5
21,186,262,186,1000,188,1000,189,15,185,1000,1000,1000,1000,17,181,6
21,186,262,186,1000,188,266,1000,15,185,11,188,1000,1000,17,181,7
21,186,262,186,1000,188,266,189,15,185,11,188,1000,1000,17,181,8
21,186,262,186,20,1000,1000,1000,15,185,1000,1000,1000,1000,17,181,9
21,186,262,186,20,1000,1000,189,15,185,12,184,1000,1000,17,181,10
21,186,262,186,20,1000,266,1000,15,185,1000,1000,1000,1000,17,181,11
21,186,262,186,20,1000,266,189,15,185,12,188,1000,1000,17,181,12
21,186,262,186,20,188,1000,1000,15,185,182,187,1000,1000,17,181,13
21,186,262,186,20,188,1000,189,15,185,12,187,1000,1000,17,181,14
21,186,262,186,20,188,266,1000,15,185,11,187,1000,1000,17,181,15
21,186,262,186,20,188,266,189,15,185,11,187,12,187,17,181,16
21,186,262,186,1000,1000,1000,1000,15,185,1000,1000,1000,1000,27,184,1
21,186,262,186,1000,1000,1000,189,15,185,1000,1000,1000,1000,27,184,2
21,186,262,186,1000,1000,268,1000,15,185,1000,1000,1000,1000,27,184,3
21,186,262,186,1000,1000,268,189,15,185,11,190,1000,1000,27,184,4
21,186,262,186,1000,202,1000,1000,15,185,1000,1000,1000,1000,27,184,5
21,186,262,186,1000,202,1000,189,15,185,1000,1000,1000,1000,27,184,6
21,186,262,186,1000,202,268,1000,15,185,22,201,1000,1000,27,184,7
21,186,262,186,1000,202,268,189,15,185,22,190,1000,1000,27,184,8
21,186,262,186,15,1000,1000,1000,15,185,1000,1000,1000,1000,27,184,9
21,186,262,186,15,1000,1000,189,15,185,11,190,1000,1000,27,184,10
21,186,262,186,15,1000,268,1000,15,185,1000,1000,1000,1000,27,184,11
21,186,262,186,15,1000,268,189,15,185,11,190,1000,1000,27,184,12
21,186,262,186,15,202,1000,1000,15,185,196,201,1000,1000,27,184,13
21,186,262,186,15,202,1000,189,15,185,11,201,1000,1000,27,184,14
21,186,262,186,15,202,268,1000,15,185,22,201,1000,1000,27,184,15
21,186,262,186,15,202,268,189,15,185,22,198,15,198,27,184,16
21,186,262,186,1000,1000,1000,1000,15,185,1000,1000,1000,1000,19,100,1
21,186,262,186,1000,1000,1000,267,15,185,1000,1000,1000,1000,19,100,2
21,186,262,186,1000,1000,267,1000,15,185,1000,1000,1000,1000,19,100,3
21,186,262,186,1000,1000,267,267,15,185,-48,100,1000,1000,19,100,4
21,186,262,186,1000,192,1000,1000,15,185,1000,1000,1000,1000,19,100,5
21,186,262,186,1000,192,1000,267,15,185,1000,1000,1000,1000,19,100,6
21,186,262,186,1000,192,267,1000,15,185,14,191,1000,1000,19,100,7
21,186,262,186,1000,192,267,267,15,185,14,100,1000,1000,19,100,8
21,186,262,186,19,1000,1000,1000,15,185,1000,1000,1000,1000,19,100,9
21,186,262,186,19,1000,1000,267,15,185,-77,0,1000,1000,19,100,10
21,186,262,186,19,1000,267,1000,15,185,1000,1000,1000,1000,19,100,11
21,186,262,186,19,1000,267,267,15,185,-77,100,1000,1000,19,100,12
21,186,262,186,19,192,1000,1000,15,185,227,191,1000,1000,19,100,13
21,186,262,186,19,192,1000,267,15,185,-77,191,1000,1000,19,100,14
21,186,262,186,19,192,267,1000,15,185,14,191,1000,1000,19,100,15
21,186,262,186,19,192,267,267,15,185,0,149,-47,161,19,100,16
21,186,262,186,1000,1000,1000,1000,15,185,1000,1000,1000,1000,20,98,1
21,186,262,186,1000,1000,1000,263,15,185,1000,1000,1000,1000,20,98,2
21,186,262,186,1000,1000,262,1000,15,185,1000,1000,1000,1000,20,98,3
21,186,262,186,1000,1000,262,263,15,185,-43,99,1000,1000,20,98,4
21,186,262,186,1000,186,1000,1000,15,185,1000,1000,1000,1000,20,98,5
21,186,262,186,1000,186,1000,263,15,185,1000,1000,1000,1000,20,98,6
21,186,262,186,1000,186,262,1000,15,185,15,185,1000,1000,20,98,7
21,186,262,186,1000,186,262,263,15,185,15,99,1000,1000,20,98,8
21,186,262,186,15,1000,1000,1000,15,185,1000,1000,1000,1000,20,98,9
21,186,262,186,15,1000,1000,263,15,185,-72,0,1000,1000,20,98,10
21,186,262,186,15,1000,262,1000,15,185,1000,1000,1000,1000,20,98,11
21,186,262,186,15,1000,262,263,15,185,-72,99,1000,1000,20,98,12
21,186,262,186,15,186,1000,1000,15,185,219,186,1000,1000,20,98,13
21,186,262,186,15,186,1000,263,15,185,-72,186,1000,1000,20,98,14
21,186,262,186,15,186,262,1000,15,185,15,186,1000,1000,20,98,15
21,186,262,186,15,186,262,263,15,185,0,146,-43,157,20,98,16
21,186,262,186,1000,1000,1000,1000,15,185,1000,1000,1000,1000,14,184,1
21,186,262,186,1000,1000,1000,189,15,185,1000,1000,1000,1000,14,184,2
21,186,262,186,1000,1000,268,1000,15,185,1000,1000,1000,1000,14,184,3
21,186,262,186,1000,1000,268,189,15,185,11,190,1000,1000,14,184,4
21,186,262,186,1000,188,1000,1000,15,185,1000,1000,1000,1000,14,184,5
21,186,262,186,1000,188,1000,189,15,185,1000,1000,1000,1000,14,184,6
21,186,262,186,1000,188,268,1000,15,185,9,188,1000,1000,14,184,7
21,186,262,186,1000,188,268,189,15,185,9,190,1000,1000,14,184,8
21,186,262,186,19,1000,1000,1000,15,185,1000,1000,1000,1000,14,184,9
21,186,262,186,19,1000,1000,189,15,185,12,185,1000,1000,14,184,10
21,186,262,186,19,1000,268,1000,15,185,1000,1000,1000,1000,14,184,11
21,186,262,186,19,1000,268,189,15,185,12,190,1000,1000,14,184,12
21,186,262,186,19,188,1000,1000,15,185,182,187,1000,1000,14,184,13
21,186,262,186,19,188,1000,189,15,185,12,187,1000,1000,14,184,14
21,186,262,186,19,188,268,1000,15,185,9,187,1000,1000,14,184,15
21,186,262,186,19,188,268,189,15,185,9,187,11,188,14,184,16
21,186,262,186,1000,1000,1000,1000,15,185,1000,1000,1000,1000,21,180,1
21,186,262,186,1000,1000,1000,185,15,185,1000,1000,1000,1000,21,180,2
21,186,262,186,1000,1000,262,1000,15,185,1000,1000,1000,1000,21,180,3
21,186,262,186,1000,1000,262,185,15,185,15,186,1000,1000,21,180,4
21,186,262,186,1000,187,1000,1000,15,185,1000,1000,1000,1000,21,180,5
21,186,262,186,1000,187,1000,185,15,185,1000,1000,1000,1000,21,180,6
21,186,262,186,1000,187,262,1000,15,185,16,186,1000,1000,21,180,7
21,186,262,186,1000,187,262,185,15,185,16,186,1000,1000,21,180,8
21,186,262,186,15,1000,1000,1000,15,185,1000,1000,1000,1000,21,180,9
21,186,262,186,15,1000,1000,185,15,185,15,200,1000,1000,21,180,10
21,186,262,186,15,1000,262,1000,15,185,1000,1000,1000,1000,21,180,11
21,186,262,186,15,1000,262,185,15,185,15,186,1000,1000,21,180,12
21,186,262,186,15,187,1000,1000,15,185,179,187,1000,1000,21,180,13
21,186,262,186,15,187,1000,185,15,185,15,187,1000,1000,21,180,14
21,186,262,186,15,187,262,1000,15,185,16,187,1000,1000,21,180,15
21,186,262,186,15,187,262,185,15,185,16,187,15,187,21,180,16
21,186,262,186,1000,1000,1000,1000,15,185,1000,1000,1000,1000,26,186,1
21,186,262,186,1000,1000,1000,189,15,185,1000,1000,1000,1000,26,186,2
21,186,262,186,1000,1000,270,1000,15,185,1000,1000,1000,1000,26,186,3
21,186,262,186,1000,1000,270,189,15,185,11,193,1000,1000,26,186,4
21,186,262,186,1000,204,1000,1000,15,185,1000,1000,1000,1000,26,186,5
21,186,262,186,1000,204,1000,189,15,185,1000,1000,1000,1000,26,186,6
21,186,262,186,1000,204,270,1000,15,185,22,203,1000,1000,26,186,7
21,186,262,186,1000,204,270,189,15,185,22,193,1000,1000,26,186,8
21,186,262,186,18,1000,1000,1000,15,185,1000,1000,1000,1000,26,186,9
21,186,262,186,18,1000,1000,189,15,185,12,187,1000,1000,26,186,10
21,186,262,186,18,1000,270,1000,15,185,1000,1000,1000,1000,26,186,11
21,186,262,186,18,1000,270,189,15,185,12,193,1000,1000,26,186,12
21,186,262,186,18,204,1000,1000,15,185,198,203,1000,1000,26,186,13
21,186,262,186,18,204,1000,189,15,185,12,203,1000,1000,26,186,14
21,186,262,186,18,204,270,1000,15,185,22,203,1000,1000,26,186,15
21,186,262,186,18,204,270,189,15,185,21,200,15,200,26,186,16
21,186,262,186,1000,1000,1000,1000,15,185,1000,1000,1000,1000,14,100,1
21,186,262,186,1000,1000,1000,266,15,185,1000,1000,1000,1000,14,100,2
21,186,262,186,1000,1000,266,1000,15,185,1000,1000,1000,1000,14,100,3
21,186,262,186,1000,1000,266,266,15,185,-46,100,1000,1000,14,100,4
21,186,262,186,1000,185,1000,1000,15,185,1000,1000,1000,1000,14,100,5
21,186,262,186,1000,185,1000,266,15,185,1000,1000,1000,1000,14,100,6
21,186,262,186,1000,185,266,1000,15,185,9,185,1000,1000,14,100,7
21,186,262,186,1000,185,266,266,15,185,9,100,1000,1000,14,100,8
21,186,262,186,15,1000,1000,1000,15,185,1000,1000,1000,1000,14,100,9
21,186,262,186,15,1000,1000,266,15,185,-76,0,1000,1000,14,100,10
21,186,262,186,15,1000,266,1000,15,185,1000,1000,1000,1000,14,100,11
21,186,262,186,15,1000,266,266,15,185,-76,100,1000,1000,14,100,12
21,186,262,186,15,185,1000,1000,15,185,220,185,1000,1000,14,100,13
21,186,262,186,15,185,1000,266,15,185,-76,185,1000,1000,14,100,14
21,186,262,186,15,185,266,1000,15,185,9,185,1000,1000,14,100,15
21,186,262,186,15,185,266,266,15,185,0,147,-48,157,14,100,16
21,186,262,186,1000,1000,1000,1000,15,185,1000,1000,1000,1000,29,184,1
21,186,262,186,1000,1000,1000,187,15,185,1000,1000,1000,1000,29,184,2
21,186,262,186,1000,1000,267,1000,15,185,1000,1000,1000,1000,29,184,3
21,186,262,186,1000,1000,267,187,15,185,13,191,1000,1000,29,184,4
21,186,262,186,1000,203,1000,1000,15,185,1000,1000,1000,1000,29,184,5
21,186,262,186,1000,203,1000,187,15,185,1000,1000,1000,1000,29,184,6
21,186,262,186,1000,203,267,1000,15,185,25,201,1000,1000,29,184,7
21,186,262,186,1000,203,267,187,15,185,25,191,1000,1000,29,184,8
21,186,262,186,15,1000,1000,1000,15,185,1000,1000,1000,1000,29,184,9
21,186,262,186,15,1000,1000,187,15,185,13,193,1000,1000,29,184,10
21,186,262,186,15,1000,267,1000,15,185,1000,1000,1000,1000,29,184,11
21,186,262,186,15,1000,267,187,15,185,13,191,1000,1000,29,184,12
21,186,262,186,15,203,1000,1000,15,185,196,202,1000,1000,29,184,13
21,186,262,186,15,203,1000,187,15,185,13,202,1000,1000,29,184,14
21,186,262,186,15,203,267,1000,15,185,25,202,1000,1000,29,184,15
21,186,262,186,15,203,267,187,15,185,24,199,17,199,29,184,16
21,186,262,186,1000,1000,1000,1000,15,185,1000,1000,1000,1000,13,98,1
21,186,262,186,1000,1000,1000,269,15,185,1000,1000,1000,1000,13,98,2
21,186,262,186,1000,1000,268,1000,15,185,1000,1000,1000,1000,13,98,3
21,186,262,186,1000,1000,268,269,15,185,-49,99,1000,1000,13,98,4
21,186,262,186,1000,187,1000,1000,15,185,1000,1000,1000,1000,13,98,5
21,186,262,186,1000,187,1000,269,15,185,1000,1000,1000,1000,13,98,6
21,186,262,186,1000,187,268,1000,15,185,8,187,1000,1000,13,98,7
21,186,262,186,1000,187,268,269,15,185,8,99,1000,1000,13,98,8
21,186,262,186,18,1000,1000,1000,15,185,1000,1000,1000,1000,13,98,9
21,186,262,186,18,1000,1000,269,15,185,-80,0,1000,1000,13,98,10
21,186,262,186,18,1000,268,1000,15,185,1000,1000,1000,1000,13,98,11
21,186,262,186,18,1000,268,269,15,185,-80,99,1000,1000,13,98,12
21,186,262,186,18,187,1000,1000,15,185,223,187,1000,1000,13,98,13
21,186,262,186,18,187,1000,269,15,185,-80,187,1000,1000,13,98,14
21,186,262,186,18,187,268,1000,15,185,8,187,1000,1000,13,98,15
21,186,262,186,18,187,268,269,15,185,0,147,-51,157,13,98,16
21,186,262,186,1000,1000,1000,1000,15,185,1000,1000,1000,1000,16,98,1
21,186,262,186,1000,1000,1000,266,15,185,1000,1000,1000,1000,16,98,2
21,186,262,186,1000,1000,265,1000,15,185,1000,1000,1000,1000,16,98,3
21,186,262,186,1000,1000,265,266,15,185,-46,99,1000,1000,16,98,4
21,186,262,186,1000,185,1000,1000,15,185,1000,1000,1000,1000,16,98,5
21,186,262,186,1000,185,1000,266,15,185,1000,1000,1000,1000,16,98,6
21,186,262,186,1000,185,265,1000,15,185,10,185,1000,1000,16,98,7
21,186,262,186,1000,185,265,266,15,185,10,99,1000,1000,16,98,8
21,186,262,186,16,1000,1000,1000,15,185,1000,1000,1000,1000,16,98,9
21,186,262,186,16,1000,1000,266,15,185,-76,0,1000,1000,16,98,10
21,186,262,186,16,1000,265,1000,15,185,1000,1000,1000,1000,16,98,11
21,186,262,186,16,1000,265,266,15,185,-76,99,1000,1000,16,98,12
21,186,262,186,16,185,1000,1000,15,185,220,185,1000,1000,16,98,13
21,186,262,186,16,185,1000,266,15,185,-76,185,1000,1000,16,98,14
21,186,262,186,16,185,265,1000,15,185,10,185,1000,1000,16,98,15
21,186,262,186,16,185,265,266,15,185,0,146,-47,156,16,98,16
21,186,262,186,1000,1000,1000,1000,15,185,1000,1000,1000,1000,85,184,1
21,186,262,186,1000,1000,1000,189,15,185,1000,1000,1000,1000,85,184,2
21,186,262,186,1000,1000,268,1000,15,185,1000,1000,1000,1000,85,184,3
21,186,262,186,1000,1000,268,189,15,185,11,190,1000,1000,85,184,4
21,186,262,186,1000,256,1000,1000,15,185,1000,1000,1000,1000,85,184,5
21,186,262,186,1000,256,1000,189,15,185,1000,1000,1000,1000,85,184,6
21,186,262,186,1000,256,268,1000,15,185,84,242,1000,1000,85,184,7
21,186,262,186,1000,256,268,189,15,185,84,190,1000,1000,85,184,8
21,186,262,186,17,1000,1000,1000,15,185,1000,1000,1000,1000,85,184,9
21,186,262,186,17,1000,1000,189,15,185,11,187,1000,1000,85,184,10
21,186,262,186,17,1000,268,1000,15,185,1000,1000,1000,1000,85,184,11
21,186,262,186,17,1000,268,189,15,185,11,190,1000,1000,85,184,12
21,186,262,186,17,256,1000,1000,15,185,250,263,1000,1000,85,184,13
21,186,262,186,17,256,1000,189,15,185,11,263,1000,1000,85,184,14
21,186,262,186,17,256,268,1000,15,185,84,263,1000,1000,85,184,15
21,186,262,186,17,256,268,189,15,185,81,207,36,239,85,184,16
21,186,262,186,1000,1000,1000,1000,15,185,1000,1000,1000,1000,98,187,1
21,186,262,186,1000,1000,1000,185,15,185,1000,1000,1000,1000,98,187,2
21,186,262,186,1000,1000,268,1000,15,185,1000,1000,1000,1000,98,187,3
21,186,262,186,1000,1000,268,185,15,185,15,194,1000,1000,98,187,4
21,186,262,186,1000,267,1000,1000,15,185,1000,1000,1000,1000,98,187,5
21,186,262,186,1000,267,1000,185,15,185,1000,1000,1000,1000,98,187,6
21,186,262,186,1000,267,268,1000,15,185,99,248,1000,1000,98,187,7
21,186,262,186,1000,267,268,185,15,185,99,194,1000,1000,98,187,8
21,186,262,186,16,1000,1000,1000,15,185,1000,1000,1000,1000,98,187,9
21,186,262,186,16,1000,1000,185,15,185,15,194,1000,1000,98,187,10
21,186,262,186,16,1000,268,1000,15,185,1000,1000,1000,1000,98,187,11
21,186,262,186,16,1000,268,185,15,185,15,194,1000,1000,98,187,12
21,186,262,186,16,267,1000,1000,15,185,259,278,1000,1000,98,187,13
21,186,262,186,16,267,1000,185,15,185,15,278,1000,1000,98,187,14
21,186,262,186,16,267,268,1000,15,185,99,278,1000,1000,98,187,15
21,186,262,186,16,267,268,185,15,185,97,194,43,250,98,187,16
21,186,262,186,1000,1000,1000,1000,15,185,1000,1000,1000,1000,30,184,1
21,186,262,186,1000,1000,1000,187,15,185,1000,1000,1000,1000,30,184,2
21,186,262,186,1000,1000,267,1000,15,185,1000,1000,1000,1000,30,184,3
21,186,262,186,1000,1000,267,187,15,185,13,191,1000,1000,30,184,4
21,186,262,186,1000,204,1000,1000,15,185,1000,1000,1000,1000,30,184,5
21,186,262,186,1000,204,1000,187,15,185,1000,1000,1000,1000,30,184,6
21,186,262,186,1000,204,267,1000,15,185,26,202,1000,1000,30,184,7
21,186,262,186,1000,204,267,187,15,185,26,191,1000,1000,30,184,8
21,186,262,186,16,1000,1000,1000,15,185,1000,1000,1000,1000,30,184,9
21,186,262,186,16,1000,1000,187,15,185,13,191,1000,1000,30,184,10
21,186,262,186,16,1000,267,1000,15,185,1000,1000,1000,1000,30,184,11
21,186,262,186,16,1000,267,187,15,185,13,191,1000,1000,30,184,12
21,186,262,186,16,204,1000,1000,15,185,197,203,1000,1000,30,184,13
21,186,262,186,16,204,1000,187,15,185,13,203,1000,1000,30,184,14
21,186,262,186,16,204,267,1000,15,185,26,203,1000,1000,30,184,15
21,186,262,186,16,204,267,187,15,185,25,200,17,199,30,184,16
21,186,262,186,1000,1000,1000,1000,15,185,1000,1000,1000,1000,14,100,1
21,186,262,186,1000,1000,1000,267,15,185,1000,1000,1000,1000,14,100,2
21,186,262,186,1000,1000,267,1000,15,185,1000,1000,1000,1000,14,100,3
21,186,262,186,1000,1000,267,267,15,185,-48,100,1000,1000,14,100,4
21,186,262,186,1000,186,1000,1000,15,185,1000,1000,1000,1000,14,100,5
21,186,262,186,1000,186,1000,267,15,185,1000,1000,1000,1000,14,100,6
21,186,262,186,1000,186,267,1000,15,185,8,186,1000,1000,14,100,7
21,186,262,186,1000,186,267,267,15,185,8,100,1000,1000,14,100,8
21,186,262,186,16,1000,1000,1000,15,185,1000,1000,1000,1000,14,100,9
21,186,262,186,16,1000,1000,267,15,185,-78,0,1000,1000,14,100,10
21,186,262,186,16,1000,267,1000,15,185,1000,1000,1000,1000,14,100,11
21,186,262,186,16,1000,267,267,15,185,-78,100,1000,1000,14,100,12
21,186,262,186,16,186,1000,1000,15,185,222,186,1000,1000,14,100,13
21,186,262,186,16,186,1000,267,15,185,-78,186,1000,1000,14,100,14
21,186,262,186,16,186,267,1000,15,185,8,186,1000,1000,14,100,15
21,186,262,186,16,186,267,267,15,185,0,147,-49,157,14,100,16
21,186,262,186,1000,1000,1000,1000,15,185,1000,1000,1000,1000,25,187,1
21,186,262,186,1000,1000,1000,188,15,185,1000,1000,1000,1000,25,187,2
21,186,262,186,1000,1000,270,1000,15,185,1000,1000,1000,1000,25,187,3
21,186,262,186,1000,1000,270,188,15,185,12,194,1000,1000,25,187,4
21,186,262,186,1000,203,1000,1000,15,185,1000,1000,1000,1000,25,187,5
21,186,262,186,1000,203,1000,188,15,185,1000,1000,1000,1000,25,187,6
21,186,262,186,1000,203,270,1000,15,185,21,202,1000,1000,25,187,7
21,186,262,186,1000,203,270,188,15,185,21,194,1000,1000,25,187,8
21,186,262,186,17,1000,1000,1000,15,185,1000,1000,1000,1000,25,187,9
21,186,262,186,17,1000,1000,188,15,185,12,188,1000,1000,25,187,10
21,186,262,186,17,1000,270,1000,15,185,1000,1000,1000,1000,25,187,11
21,186,262,186,17,1000,270,188,15,185,12,194,1000,1000,25,187,12
21,186,262,186,17,203,1000,1000,15,185,197,202,1000,1000,25,187,13
21,186,262,186,17,203,1000,188,15,185,12,202,1000,1000,25,187,14
21,186,262,186,17,203,270,1000,15,185,21,202,1000,1000,25,187,15
21,186,262,186,17,203,270,188,15,185,20,200,15,199,25,187,16
