110,173,179,119,1000,1000,1000,1000,95,145,1000,1000,1000,1000,89,136,1
110,173,179,119,1000,1000,1000,139,95,145,1000,1000,1000,1000,89,136,2
110,173,179,119,1000,1000,185,1000,95,145,1000,1000,1000,1000,89,136,3
110,173,179,119,1000,1000,185,139,95,145,76,137,1000,1000,89,136,4
110,173,179,119,1000,174,1000,1000,95,145,1000,1000,1000,1000,89,136,5
110,173,179,119,1000,174,1000,139,95,145,1000,1000,1000,1000,89,136,6
110,173,179,119,1000,174,185,1000,95,145,90,149,1000,1000,89,136,7
110,173,179,119,1000,174,185,139,95,145,90,137,1000,1000,89,136,8
110,173,179,119,113,1000,1000,1000,95,145,1000,1000,1000,1000,89,136,9
110,173,179,119,113,1000,1000,139,95,145,84,124,1000,1000,89,136,10
110,173,179,119,113,1000,185,1000,95,145,1000,1000,1000,1000,89,136,11
110,173,179,119,113,1000,185,139,95,145,84,137,1000,1000,89,136,12
110,173,179,119,113,174,1000,1000,95,145,135,144,1000,1000,89,136,13
110,173,179,119,113,174,1000,139,95,145,84,144,1000,1000,89,136,14
110,173,179,119,113,174,185,1000,95,145,90,144,1000,1000,89,136,15
110,173,179,119,113,174,185,139,95,145,88,141,86,142,89,136,16
110,173,179,119,1000,1000,1000,1000,95,145,1000,1000,1000,1000,91,141,1
110,173,179,119,1000,1000,1000,113,95,145,1000,1000,1000,1000,91,141,2
110,173,179,119,1000,1000,181,1000,95,145,1000,1000,1000,1000,91,141,3
110,173,179,119,1000,1000,181,113,95,145,99,150,1000,1000,91,141,4
110,173,179,119,1000,171,1000,1000,95,145,1000,1000,1000,1000,91,141,5
110,173,179,119,1000,171,1000,113,95,145,1000,1000,1000,1000,91,141,6
110,173,179,119,1000,171,181,1000,95,145,91,145,1000,1000,91,141,7
110,173,179,119,1000,171,181,113,95,145,91,150,1000,1000,91,141,8
110,173,179,119,107,1000,1000,1000,95,145,1000,1000,1000,1000,91,141,9
110,173,179,119,107,1000,1000,113,95,145,97,155,1000,1000,91,141,10
110,173,179,119,107,1000,181,1000,95,145,1000,1000,1000,1000,91,141,11
110,173,179,119,107,1000,181,113,95,145,97,150,1000,1000,91,141,12
110,173,179,119,107,171,1000,1000,95,145,124,144,1000,1000,91,141,13
110,173,179,119,107,171,1000,113,95,145,97,144,1000,1000,91,141,14
110,173,179,119,107,171,181,1000,95,145,91,144,1000,1000,91,141,15
110,173,179,119,107,171,181,113,95,145,93,147,95,146,91,141,16
110,173,179,119,1000,1000,1000,1000,95,145,1000,1000,1000,1000,92,138,1
110,173,179,119,1000,1000,1000,123,95,145,1000,1000,1000,1000,92,138,2
110,173,179,119,1000,1000,180,1000,95,145,1000,1000,1000,1000,92,138,3
110,173,179,119,1000,1000,180,123,95,145,91,143,1000,1000,92,138,4
110,173,179,119,1000,171,1000,1000,95,145,1000,1000,1000,1000,92,138,5
110,173,179,119,1000,171,1000,123,95,145,1000,1000,1000,1000,92,138,6
110,173,179,119,1000,171,180,1000,95,145,92,144,1000,1000,92,138,7
110,173,179,119,1000,171,180,123,95,145,92,143,1000,1000,92,138,8
110,173,179,119,109,1000,1000,1000,95,145,1000,1000,1000,1000,92,138,9
110,173,179,119,109,1000,1000,123,95,145,92,142,1000,1000,92,138,10
110,173,179,119,109,1000,180,1000,95,145,1000,1000,1000,1000,92,138,11
110,173,179,119,109,1000,180,123,95,145,92,143,1000,1000,92,138,12
110,173,179,119,109,171,1000,1000,95,145,127,143,1000,1000,92,138,13
110,173,179,119,109,171,1000,123,95,145,92,143,1000,1000,92,138,14
110,173,179,119,109,171,180,1000,95,145,92,143,1000,1000,92,138,15
110,173,179,119,109,171,180,123,95,145,92,143,92,143,92,138,16
110,173,179,119,1000,1000,1000,1000,95,145,1000,1000,1000,1000,94,141,1
110,173,179,119,1000,1000,1000,114,95,145,1000,1000,1000,1000,94,141,2
110,173,179,119,1000,1000,180,1000,95,145,1000,1000,1000,1000,94,141,3
110,173,179,119,1000,1000,180,114,95,145,99,149,1000,1000,94,141,4
110,173,179,119,1000,173,1000,1000,95,145,1000,1000,1000,1000,94,141,5
110,173,179,119,1000,173,1000,114,95,145,1000,1000,1000,1000,94,141,6
110,173,179,119,1000,173,180,1000,95,145,94,145,1000,1000,94,141,7
110,173,179,119,1000,173,180,114,95,145,94,149,1000,1000,94,141,8
110,173,179,119,109,1000,1000,1000,95,145,1000,1000,1000,1000,94,141,9
110,173,179,119,109,1000,1000,114,95,145,97,150,1000,1000,94,141,10
110,173,179,119,109,1000,180,1000,95,145,1000,1000,1000,1000,94,141,11
110,173,179,119,109,1000,180,114,95,145,97,149,1000,1000,94,141,12
110,173,179,119,109,173,1000,1000,95,145,126,145,1000,1000,94,141,13
110,173,179,119,109,173,1000,114,95,145,97,145,1000,1000,94,141,14
110,173,179,119,109,173,180,1000,95,145,94,145,1000,1000,94,141,15
110,173,179,119,109,173,180,114,95,145,95,147,96,146,94,141,16
110,173,179,119,1000,1000,1000,1000,95,145,1000,1000,1000,1000,91,137,1
110,173,179,119,1000,1000,1000,135,95,145,1000,1000,1000,1000,91,137,2
110,173,179,119,1000,1000,183,1000,95,145,1000,1000,1000,1000,91,137,3
110,173,179,119,1000,1000,183,135,95,145,80,138,1000,1000,91,137,4
110,173,179,119,1000,174,1000,1000,95,145,1000,1000,1000,1000,91,137,5
110,173,179,119,1000,174,1000,135,95,145,1000,1000,1000,1000,91,137,6
110,173,179,119,1000,174,183,1000,95,145,92,148,1000,1000,91,137,7
110,173,179,119,1000,174,183,135,95,145,92,138,1000,1000,91,137,8
110,173,179,119,112,1000,1000,1000,95,145,1000,1000,1000,1000,91,137,9
110,173,179,119,112,1000,1000,135,95,145,86,128,1000,1000,91,137,10
110,173,179,119,112,1000,183,1000,95,145,1000,1000,1000,1000,91,137,11
110,173,179,119,112,1000,183,135,95,145,86,138,1000,1000,91,137,12
110,173,179,119,112,174,1000,1000,95,145,134,144,1000,1000,91,137,13
110,173,179,119,112,174,1000,135,95,145,86,144,1000,1000,91,137,14
110,173,179,119,112,174,183,1000,95,145,92,144,1000,1000,91,137,15
110,173,179,119,112,174,183,135,95,145,90,141,88,142,91,137,16
110,173,179,119,1000,1000,1000,1000,95,145,1000,1000,1000,1000,95,142,1
110,173,179,119,1000,1000,1000,115,95,145,1000,1000,1000,1000,95,142,2
110,173,179,119,1000,1000,180,1000,95,145,1000,1000,1000,1000,95,142,3
110,173,179,119,1000,1000,180,115,95,145,98,148,1000,1000,95,142,4
110,173,179,119,1000,174,1000,1000,95,145,1000,1000,1000,1000,95,142,5
110,173,179,119,1000,174,1000,115,95,145,1000,1000,1000,1000,95,142,6
110,173,179,119,1000,174,180,1000,95,145,95,146,1000,1000,95,142,7
110,173,179,119,1000,174,180,115,95,145,95,148,1000,1000,95,142,8
110,173,179,119,108,1000,1000,1000,95,145,1000,1000,1000,1000,95,142,9
110,173,179,119,108,1000,1000,115,95,145,96,151,1000,1000,95,142,10
110,173,179,119,108,1000,180,1000,95,145,1000,1000,1000,1000,95,142,11
110,173,179,119,108,1000,180,115,95,145,96,148,1000,1000,95,142,12
110,173,179,119,108,174,1000,1000,95,145,127,147,1000,1000,95,142,13
110,173,179,119,108,174,1000,115,95,145,96,147,1000,1000,95,142,14
110,173,179,119,108,174,180,1000,95,145,95,147,1000,1000,95,142,15
110,173,179,119,108,174,180,115,95,145,95,147,96,147,95,142,16
110,173,179,119,1000,1000,1000,1000,95,145,1000,1000,1000,1000,89,135,1
110,173,179,119,1000,1000,1000,136,95,145,1000,1000,1000,1000,89,135,2
110,173,179,119,1000,1000,181,1000,95,145,1000,1000,1000,1000,89,135,3
110,173,179,119,1000,1000,181,136,95,145,81,136,1000,1000,89,135,4
110,173,179,119,1000,170,1000,1000,95,145,1000,1000,1000,1000,89,135,5
110,173,179,119,1000,170,1000,136,95,145,1000,1000,1000,1000,89,135,6
110,173,179,119,1000,170,181,1000,95,145,90,144,1000,1000,89,135,7
110,173,179,119,1000,170,181,136,95,145,90,136,1000,1000,89,135,8
110,173,179,119,110,1000,1000,1000,95,145,1000,1000,1000,1000,89,135,9
110,173,179,119,110,1000,1000,136,95,145,84,129,1000,1000,89,135,10
110,173,179,119,110,1000,181,1000,95,145,1000,1000,1000,1000,89,135,11
110,173,179,119,110,1000,181,136,95,145,84,136,1000,1000,89,135,12
110,173,179,119,110,170,1000,1000,95,145,130,142,1000,1000,89,135,13
110,173,179,119,110,170,1000,136,95,145,84,142,1000,1000,89,135,14
110,173,179,119,110,170,181,1000,95,145,90,142,1000,1000,89,135,15
110,173,179,119,110,170,181,136,95,145,88,139,86,140,89,135,16
110,173,179,119,1000,1000,1000,1000,95,145,1000,1000,1000,1000,95,142,1
110,173,179,119,1000,1000,1000,115,95,145,1000,1000,1000,1000,95,142,2
110,173,179,119,1000,1000,180,1000,95,145,1000,1000,1000,1000,95,142,3
110,173,179,119,1000,1000,180,115,95,145,98,148,1000,1000,95,142,4
110,173,179,119,1000,175,1000,1000,95,145,1000,1000,1000,1000,95,142,5
110,173,179,119,1000,175,1000,115,95,145,1000,1000,1000,1000,95,142,6
110,173,179,119,1000,175,180,1000,95,145,96,146,1000,1000,95,142,7
110,173,179,119,1000,175,180,115,95,145,96,148,1000,1000,95,142,8
110,173,179,119,109,1000,1000,1000,95,145,1000,1000,1000,1000,95,142,9
110,173,179,119,109,1000,1000,115,95,145,97,150,1000,1000,95,142,10
110,173,179,119,109,1000,180,1000,95,145,1000,1000,1000,1000,95,142,11
110,173,179,119,109,1000,180,115,95,145,97,148,1000,1000,95,142,12
110,173,179,119,109,175,1000,1000,95,145,128,147,1000,1000,95,142,13
110,173,179,119,109,175,1000,115,95,145,97,147,1000,1000,95,142,14
110,173,179,119,109,175,180,1000,95,145,96,147,1000,1000,95,142,15
110,173,179,119,109,175,180,115,95,145,96,147,96,147,95,142,16
110,173,179,119,1000,1000,1000,1000,95,145,1000,1000,1000,1000,94,139,1
110,173,179,119,1000,1000,1000,123,95,145,1000,1000,1000,1000,94,139,2
110,173,179,119,1000,1000,180,1000,95,145,1000,1000,1000,1000,94,139,3
110,173,179,119,1000,1000,180,123,95,145,91,143,1000,1000,94,139,4
110,173,179,119,1000,173,1000,1000,95,145,1000,1000,1000,1000,94,139,5
110,173,179,119,1000,173,1000,123,95,145,1000,1000,1000,1000,94,139,6
110,173,179,119,1000,173,180,1000,95,145,94,145,1000,1000,94,139,7
110,173,179,119,1000,173,180,123,95,145,94,143,1000,1000,94,139,8
110,173,179,119,111,1000,1000,1000,95,145,1000,1000,1000,1000,94,139,9
110,173,179,119,111,1000,1000,123,95,145,93,139,1000,1000,94,139,10
110,173,179,119,111,1000,180,1000,95,145,1000,1000,1000,1000,94,139,11
110,173,179,119,111,1000,180,123,95,145,93,143,1000,1000,94,139,12
110,173,179,119,111,173,1000,1000,95,145,129,144,1000,1000,94,139,13
110,173,179,119,111,173,1000,123,95,145,93,144,1000,1000,94,139,14
110,173,179,119,111,173,180,1000,95,145,94,144,1000,1000,94,139,15
110,173,179,119,111,173,180,123,95,145,94,144,93,144,94,139,16
110,173,179,119,1000,1000,1000,1000,95,145,1000,1000,1000,1000,90,140,1
110,173,179,119,1000,1000,1000,114,95,145,1000,1000,1000,1000,90,140,2
110,173,179,119,1000,1000,182,1000,95,145,1000,1000,1000,1000,90,140,3
110,173,179,119,1000,1000,182,114,95,145,97,150,1000,1000,90,140,4
110,173,179,119,1000,170,1000,1000,95,145,1000,1000,1000,1000,90,140,5
110,173,179,119,1000,170,1000,114,95,145,1000,1000,1000,1000,90,140,6
110,173,179,119,1000,170,182,1000,95,145,89,145,1000,1000,90,140,7
110,173,179,119,1000,170,182,114,95,145,89,150,1000,1000,90,140,8
110,173,179,119,108,1000,1000,1000,95,145,1000,1000,1000,1000,90,140,9
110,173,179,119,108,1000,1000,114,95,145,97,153,1000,1000,90,140,10
110,173,179,119,108,1000,182,1000,95,145,1000,1000,1000,1000,90,140,11
110,173,179,119,108,1000,182,114,95,145,97,150,1000,1000,90,140,12
110,173,179,119,108,170,1000,1000,95,145,123,143,1000,1000,90,140,13
110,173,179,119,108,170,1000,114,95,145,97,143,1000,1000,90,140,14
110,173,179,119,108,170,182,1000,95,145,89,143,1000,1000,90,140,15
110,173,179,119,108,170,182,114,95,145,91,146,94,146,90,140,16
110,173,179,119,1000,1000,1000,1000,95,145,1000,1000,1000,1000,92,138,1
110,173,179,119,1000,1000,1000,125,95,145,1000,1000,1000,1000,92,138,2
110,173,179,119,1000,1000,183,1000,95,145,1000,1000,1000,1000,92,138,3
110,173,179,119,1000,1000,183,125,95,145,88,145,1000,1000,92,138,4
110,173,179,119,1000,173,1000,1000,95,145,1000,1000,1000,1000,92,138,5
110,173,179,119,1000,173,1000,125,95,145,1000,1000,1000,1000,92,138,6
110,173,179,119,1000,173,183,1000,95,145,91,147,1000,1000,92,138,7
110,173,179,119,1000,173,183,125,95,145,91,145,1000,1000,92,138,8
110,173,179,119,114,1000,1000,1000,95,145,1000,1000,1000,1000,92,138,9
110,173,179,119,114,1000,1000,125,95,145,93,134,1000,1000,92,138,10
110,173,179,119,114,1000,183,1000,95,145,1000,1000,1000,1000,92,138,11
110,173,179,119,114,1000,183,125,95,145,93,145,1000,1000,92,138,12
110,173,179,119,114,173,1000,1000,95,145,129,142,1000,1000,92,138,13
110,173,179,119,114,173,1000,125,95,145,93,142,1000,1000,92,138,14
110,173,179,119,114,173,183,1000,95,145,91,142,1000,1000,92,138,15
110,173,179,119,114,173,183,125,95,145,92,143,93,143,92,138,16
110,173,179,119,1000,1000,1000,1000,95,145,1000,1000,1000,1000,94,140,1
110,173,179,119,1000,1000,1000,115,95,145,1000,1000,1000,1000,94,140,2
110,173,179,119,1000,1000,178,1000,95,145,1000,1000,1000,1000,94,140,3
110,173,179,119,1000,1000,178,115,95,145,98,146,1000,1000,94,140,4
110,173,179,119,1000,171,1000,1000,95,145,1000,1000,1000,1000,94,140,5
110,173,179,119,1000,171,1000,115,95,145,1000,1000,1000,1000,94,140,6
110,173,179,119,1000,171,178,1000,95,145,94,143,1000,1000,94,140,7
110,173,179,119,1000,171,178,115,95,145,94,146,1000,1000,94,140,8
110,173,179,119,107,1000,1000,1000,95,145,1000,1000,1000,1000,94,140,9
110,173,179,119,107,1000,1000,115,95,145,96,153,1000,1000,94,140,10
110,173,179,119,107,1000,178,1000,95,145,1000,1000,1000,1000,94,140,11
110,173,179,119,107,1000,178,115,95,145,96,146,1000,1000,94,140,12
110,173,179,119,107,171,1000,1000,95,145,124,144,1000,1000,94,140,13
110,173,179,119,107,171,1000,115,95,145,96,144,1000,1000,94,140,14
110,173,179,119,107,171,178,1000,95,145,94,144,1000,1000,94,140,15
110,173,179,119,107,171,178,115,95,145,94,145,95,145,94,140,16
110,173,179,119,1000,1000,1000,1000,95,145,1000,1000,1000,1000,93,136,1
110,173,179,119,1000,1000,1000,137,95,145,1000,1000,1000,1000,93,136,2
110,173,179,119,1000,1000,181,1000,95,145,1000,1000,1000,1000,93,136,3
110,173,179,119,1000,1000,181,137,95,145,79,135,1000,1000,93,136,4
110,173,179,119,1000,176,1000,1000,95,145,1000,1000,1000,1000,93,136,5
110,173,179,119,1000,176,1000,137,95,145,1000,1000,1000,1000,93,136,6
110,173,179,119,1000,176,181,1000,95,145,96,148,1000,1000,93,136,7
110,173,179,119,1000,176,181,137,95,145,96,135,1000,1000,93,136,8
110,173,179,119,110,1000,1000,1000,95,145,1000,1000,1000,1000,93,136,9
110,173,179,119,110,1000,1000,137,95,145,83,128,1000,1000,93,136,10
110,173,179,119,110,1000,181,1000,95,145,1000,1000,1000,1000,93,136,11
110,173,179,119,110,1000,181,137,95,145,83,135,1000,1000,93,136,12
110,173,179,119,110,176,1000,1000,95,145,137,147,1000,1000,93,136,13
110,173,179,119,110,176,1000,137,95,145,83,147,1000,1000,93,136,14
110,173,179,119,110,176,181,1000,95,145,96,147,1000,1000,93,136,15
110,173,179,119,110,176,181,137,95,145,92,141,87,143,93,136,16
110,173,179,119,1000,1000,1000,1000,95,145,1000,1000,1000,1000,93,141,1
110,173,179,119,1000,1000,1000,119,95,145,1000,1000,1000,1000,93,141,2
110,173,179,119,1000,1000,182,1000,95,145,1000,1000,1000,1000,93,141,3
110,173,179,119,1000,1000,182,119,95,145,93,147,1000,1000,93,141,4
110,173,179,119,1000,174,1000,1000,95,145,1000,1000,1000,1000,93,141,5
110,173,179,119,1000,174,1000,119,95,145,1000,1000,1000,1000,93,141,6
110,173,179,119,1000,174,182,1000,95,145,93,147,1000,1000,93,141,7
110,173,179,119,1000,174,182,119,95,145,93,147,1000,1000,93,141,8
110,173,179,119,111,1000,1000,1000,95,145,1000,1000,1000,1000,93,141,9
110,173,179,119,111,1000,1000,119,95,145,95,143,1000,1000,93,141,10
110,173,179,119,111,1000,182,1000,95,145,1000,1000,1000,1000,93,141,11
110,173,179,119,111,1000,182,119,95,145,95,147,1000,1000,93,141,12
110,173,179,119,111,174,1000,1000,95,145,128,145,1000,1000,93,141,13
110,173,179,119,111,174,1000,119,95,145,95,145,1000,1000,93,141,14
110,173,179,119,111,174,182,1000,95,145,93,145,1000,1000,93,141,15
110,173,179,119,111,174,182,119,95,145,94,146,95,146,93,141,16
110,173,179,119,1000,1000,1000,1000,95,145,1000,1000,1000,1000,92,135,1
110,173,179,119,1000,1000,1000,134,95,145,1000,1000,1000,1000,92,135,2
110,173,179,119,1000,1000,180,1000,95,145,1000,1000,1000,1000,92,135,3
110,173,179,119,1000,1000,180,134,95,145,82,136,1000,1000,92,135,4
110,173,179,119,1000,172,1000,1000,95,145,1000,1000,1000,1000,92,135,5
110,173,179,119,1000,172,1000,134,95,145,1000,1000,1000,1000,92,135,6
110,173,179,119,1000,172,180,1000,95,145,93,145,1000,1000,92,135,7
110,173,179,119,1000,172,180,134,95,145,93,136,1000,1000,92,135,8
110,173,179,119,112,1000,1000,1000,95,145,1000,1000,1000,1000,92,135,9
110,173,179,119,112,1000,1000,134,95,145,86,128,1000,1000,92,135,10
110,173,179,119,112,1000,180,1000,95,145,1000,1000,1000,1000,92,135,11
110,173,179,119,112,1000,180,134,95,145,86,136,1000,1000,92,135,12
110,173,179,119,112,172,1000,1000,95,145,131,143,1000,1000,92,135,13
110,173,179,119,112,172,1000,134,95,145,86,143,1000,1000,92,135,14
110,173,179,119,112,172,180,1000,95,145,93,143,1000,1000,92,135,15
110,173,179,119,112,172,180,134,95,145,91,139,89,140,92,135,16
110,173,179,119,1000,1000,1000,1000,95,145,1000,1000,1000,1000,94,141,1
110,173,179,119,1000,1000,1000,116,95,145,1000,1000,1000,1000,94,141,2
110,173,179,119,1000,1000,180,1000,95,145,1000,1000,1000,1000,94,141,3
110,173,179,119,1000,1000,180,116,95,145,96,147,1000,1000,94,141,4
110,173,179,119,1000,173,1000,1000,95,145,1000,1000,1000,1000,94,141,5
110,173,179,119,1000,173,1000,116,95,145,1000,1000,1000,1000,94,141,6
110,173,179,119,1000,173,180,1000,95,145,94,145,1000,1000,94,141,7
110,173,179,119,1000,173,180,116,95,145,94,147,1000,1000,94,141,8
110,173,179,119,109,1000,1000,1000,95,145,1000,1000,1000,1000,94,141,9
110,173,179,119,109,1000,1000,116,95,145,96,148,1000,1000,94,141,10
110,173,179,119,109,1000,180,1000,95,145,1000,1000,1000,1000,94,141,11
110,173,179,119,109,1000,180,116,95,145,96,147,1000,1000,94,141,12
110,173,179,119,109,173,1000,1000,95,145,127,145,1000,1000,94,141,13
110,173,179,119,109,173,1000,116,95,145,96,145,1000,1000,94,141,14
110,173,179,119,109,173,180,1000,95,145,94,145,1000,1000,94,141,15
110,173,179,119,109,173,180,116,95,145,94,146,95,146,94,141,16
110,173,179,119,1000,1000,1000,1000,95,145,1000,1000,1000,1000,91,134,1
110,173,179,119,1000,1000,1000,138,95,145,1000,1000,1000,1000,91,134,2
110,173,179,119,1000,1000,180,1000,95,145,1000,1000,1000,1000,91,134,3
110,173,179,119,1000,1000,180,138,95,145,79,133,1000,1000,91,134,4
110,173,179,119,1000,173,1000,1000,95,145,1000,1000,1000,1000,91,134,5
110,173,179,119,1000,173,1000,138,95,145,1000,1000,1000,1000,91,134,6
110,173,179,119,1000,173,180,1000,95,145,94,145,1000,1000,91,134,7
110,173,179,119,1000,173,180,138,95,145,94,133,1000,1000,91,134,8
110,173,179,119,110,1000,1000,1000,95,145,1000,1000,1000,1000,91,134,9
110,173,179,119,110,1000,1000,138,95,145,83,128,1000,1000,91,134,10
110,173,179,119,110,1000,180,1000,95,145,1000,1000,1000,1000,91,134,11
110,173,179,119,110,1000,180,138,95,145,83,133,1000,1000,91,134,12
110,173,179,119,110,173,1000,1000,95,145,134,145,1000,1000,91,134,13
110,173,179,119,110,173,1000,138,95,145,83,145,1000,1000,91,134,14
110,173,179,119,110,173,180,1000,95,145,94,145,1000,1000,91,134,15
110,173,179,119,110,173,180,138,95,145,90,139,86,141,91,134,16
110,173,179,119,1000,1000,1000,1000,95,145,1000,1000,1000,1000,91,141,1
110,173,179,119,1000,1000,1000,114,95,145,1000,1000,1000,1000,91,141,2
110,173,179,119,1000,1000,182,1000,95,145,1000,1000,1000,1000,91,141,3
110,173,179,119,1000,1000,182,114,95,145,97,150,1000,1000,91,141,4
110,173,179,119,1000,172,1000,1000,95,145,1000,1000,1000,1000,91,141,5
110,173,179,119,1000,172,1000,114,95,145,1000,1000,1000,1000,91,141,6
110,173,179,119,1000,172,182,1000,95,145,91,146,1000,1000,91,141,7
110,173,179,119,1000,172,182,114,95,145,91,150,1000,1000,91,141,8
110,173,179,119,109,1000,1000,1000,95,145,1000,1000,1000,1000,91,141,9
110,173,179,119,109,1000,1000,114,95,145,97,150,1000,1000,91,141,10
110,173,179,119,109,1000,182,1000,95,145,1000,1000,1000,1000,91,141,11
110,173,179,119,109,1000,182,114,95,145,97,150,1000,1000,91,141,12
110,173,179,119,109,172,1000,1000,95,145,125,144,1000,1000,91,141,13
110,173,179,119,109,172,1000,114,95,145,97,144,1000,1000,91,141,14
110,173,179,119,109,172,182,1000,95,145,91,144,1000,1000,91,141,15
110,173,179,119,109,172,182,114,95,145,93,147,95,146,91,141,16
110,173,179,119,1000,1000,1000,1000,95,145,1000,1000,1000,1000,90,136,1
110,173,179,119,1000,1000,1000,136,95,145,1000,1000,1000,1000,90,136,2
110,173,179,119,1000,1000,182,1000,95,145,1000,1000,1000,1000,90,136,3
110,173,179,119,1000,1000,182,136,95,145,80,137,1000,1000,90,136,4
110,173,179,119,1000,172,1000,1000,95,145,1000,1000,1000,1000,90,136,5
110,173,179,119,1000,172,1000,136,95,145,1000,1000,1000,1000,90,136,6
110,173,179,119,1000,172,182,1000,95,145,91,146,1000,1000,90,136,7
110,173,179,119,1000,172,182,136,95,145,91,137,1000,1000,90,136,8
110,173,179,119,109,1000,1000,1000,95,145,1000,1000,1000,1000,90,136,9
110,173,179,119,109,1000,1000,136,95,145,83,129,1000,1000,90,136,10
110,173,179,119,109,1000,182,1000,95,145,1000,1000,1000,1000,90,136,11
110,173,179,119,109,1000,182,136,95,145,83,137,1000,1000,90,136,12
110,173,179,119,109,172,1000,1000,95,145,133,144,1000,1000,90,136,13
110,173,179,119,109,172,1000,136,95,145,83,144,1000,1000,90,136,14
110,173,179,119,109,172,182,1000,95,145,91,144,1000,1000,90,136,15
110,173,179,119,109,172,182,136,95,145,89,141,86,142,90,136,16
110,173,179,119,1000,1000,1000,1000,95,145,1000,1000,1000,1000,91,141,1
110,173,179,119,1000,1000,1000,115,95,145,1000,1000,1000,1000,91,141,2
110,173,179,119,1000,1000,182,1000,95,145,1000,1000,1000,1000,91,141,3
110,173,179,119,1000,1000,182,115,95,145,97,150,1000,1000,91,141,4
110,173,179,119,1000,171,1000,1000,95,145,1000,1000,1000,1000,91,141,5
110,173,179,119,1000,171,1000,115,95,145,1000,1000,1000,1000,91,141,6
110,173,179,119,1000,171,182,1000,95,145,90,145,1000,1000,91,141,7
110,173,179,119,1000,171,182,115,95,145,90,150,1000,1000,91,141,8
110,173,179,119,108,1000,1000,1000,95,145,1000,1000,1000,1000,91,141,9
110,173,179,119,108,1000,1000,115,95,145,96,151,1000,1000,91,141,10
110,173,179,119,108,1000,182,1000,95,145,1000,1000,1000,1000,91,141,11
110,173,179,119,108,1000,182,115,95,145,96,150,1000,1000,91,141,12
110,173,179,119,108,171,1000,1000,95,145,124,144,1000,1000,91,141,13
110,173,179,119,108,171,1000,115,95,145,96,144,1000,1000,91,141,14
110,173,179,119,108,171,182,1000,95,145,90,144,1000,1000,91,141,15
110,173,179,119,108,171,182,115,95,145,92,146,94,146,91,141,16
