129,163,157,121,1000,1000,1000,1000,105,125,1000,1000,1000,1000,97,125,1
129,163,157,121,1000,1000,1000,123,105,125,1000,1000,1000,1000,97,125,2
129,163,157,121,1000,1000,170,1000,105,125,1000,1000,1000,1000,97,125,3
129,163,157,121,1000,1000,170,123,105,125,95,134,1000,1000,97,125,4
129,163,157,121,1000,163,1000,1000,105,125,1000,1000,1000,1000,97,125,5
129,163,157,121,1000,163,1000,123,105,125,1000,1000,1000,1000,97,125,6
129,163,157,121,1000,163,170,1000,105,125,94,133,1000,1000,97,125,7
129,163,157,121,1000,163,170,123,105,125,94,134,1000,1000,97,125,8
129,163,157,121,131,1000,1000,1000,105,125,1000,1000,1000,1000,97,125,9
129,163,157,121,131,1000,1000,123,105,125,105,122,1000,1000,97,125,10
129,163,157,121,131,1000,170,1000,105,125,1000,1000,1000,1000,97,125,11
129,163,157,121,131,1000,170,123,105,125,105,134,1000,1000,97,125,12
129,163,157,121,131,163,1000,1000,105,125,116,124,1000,1000,97,125,13
129,163,157,121,131,163,1000,123,105,125,105,124,1000,1000,97,125,14
129,163,157,121,131,163,170,1000,105,125,94,124,1000,1000,97,125,15
129,163,157,121,131,163,170,123,105,125,98,128,101,127,97,125,16
129,163,157,121,1000,1000,1000,1000,105,125,1000,1000,1000,1000,99,126,1
129,163,157,121,1000,1000,1000,120,105,125,1000,1000,1000,1000,99,126,2
129,163,157,121,1000,1000,168,1000,105,125,1000,1000,1000,1000,99,126,3
129,163,157,121,1000,1000,168,120,105,125,100,135,1000,1000,99,126,4
129,163,157,121,1000,164,1000,1000,105,125,1000,1000,1000,1000,99,126,5
129,163,157,121,1000,164,1000,120,105,125,1000,1000,1000,1000,99,126,6
129,163,157,121,1000,164,168,1000,105,125,97,132,1000,1000,99,126,7
129,163,157,121,1000,164,168,120,105,125,97,135,1000,1000,99,126,8
129,163,157,121,129,1000,1000,1000,105,125,1000,1000,1000,1000,99,126,9
129,163,157,121,129,1000,1000,120,105,125,106,126,1000,1000,99,126,10
129,163,157,121,129,1000,168,1000,105,125,1000,1000,1000,1000,99,126,11
129,163,157,121,129,1000,168,120,105,125,106,135,1000,1000,99,126,12
129,163,157,121,129,164,1000,1000,105,125,116,126,1000,1000,99,126,13
129,163,157,121,129,164,1000,120,105,125,106,126,1000,1000,99,126,14
129,163,157,121,129,164,168,1000,105,125,97,126,1000,1000,99,126,15
129,163,157,121,129,164,168,120,105,125,100,130,103,129,99,126,16
129,163,157,121,1000,1000,1000,1000,105,125,1000,1000,1000,1000,99,124,1
129,163,157,121,1000,1000,1000,123,105,125,1000,1000,1000,1000,99,124,2
129,163,157,121,1000,1000,168,1000,105,125,1000,1000,1000,1000,99,124,3
129,163,157,121,1000,1000,168,123,105,125,97,133,1000,1000,99,124,4
129,163,157,121,1000,164,1000,1000,105,125,1000,1000,1000,1000,99,124,5
129,163,157,121,1000,164,1000,123,105,125,1000,1000,1000,1000,99,124,6
129,163,157,121,1000,164,168,1000,105,125,97,132,1000,1000,99,124,7
129,163,157,121,1000,164,168,123,105,125,97,133,1000,1000,99,124,8
129,163,157,121,132,1000,1000,1000,105,125,1000,1000,1000,1000,99,124,9
129,163,157,121,132,1000,1000,123,105,125,106,121,1000,1000,99,124,10
129,163,157,121,132,1000,168,1000,105,125,1000,1000,1000,1000,99,124,11
129,163,157,121,132,1000,168,123,105,125,106,133,1000,1000,99,124,12
129,163,157,121,132,164,1000,1000,105,125,117,124,1000,1000,99,124,13
129,163,157,121,132,164,1000,123,105,125,106,124,1000,1000,99,124,14
129,163,157,121,132,164,168,1000,105,125,97,124,1000,1000,99,124,15
129,163,157,121,132,164,168,123,105,125,100,128,103,127,99,124,16
129,163,157,121,1000,1000,1000,1000,105,125,1000,1000,1000,1000,105,121,1
129,163,157,121,1000,1000,1000,117,105,125,1000,1000,1000,1000,105,121,2
129,163,157,121,1000,1000,-42,1000,105,125,1000,1000,1000,1000,105,121,3
129,163,157,121,1000,1000,-42,117,105,125,1000,1000,1000,1000,105,121,4
129,163,157,121,1000,160,1000,1000,105,125,1000,1000,1000,1000,105,121,5
129,163,157,121,1000,160,1000,117,105,125,1000,1000,1000,1000,105,121,6
129,163,157,121,1000,160,-42,1000,105,125,1000,1000,1000,1000,105,121,7
129,163,157,121,1000,160,-42,117,105,125,1000,1000,1000,1000,105,121,8
129,163,157,121,127,1000,1000,1000,105,125,1000,1000,1000,1000,105,121,9
129,163,157,121,127,1000,1000,117,105,125,106,130,1000,1000,105,121,10
129,163,157,121,127,1000,-42,1000,105,125,1000,1000,1000,1000,105,121,11
129,163,157,121,127,1000,-42,117,105,125,106,130,1000,1000,105,121,12
129,163,157,121,127,160,1000,1000,105,125,112,124,1000,1000,105,121,13
129,163,157,121,127,160,1000,117,105,125,106,124,1000,1000,105,121,14
129,163,157,121,127,160,-42,1000,105,125,112,124,1000,1000,105,121,15
129,163,157,121,127,160,-42,117,105,125,106,124,1000,1000,105,121,16
129,163,157,121,1000,1000,1000,1000,105,125,1000,1000,1000,1000,96,125,1
129,163,157,121,1000,1000,1000,121,105,125,1000,1000,1000,1000,96,125,2
129,163,157,121,1000,1000,172,1000,105,125,1000,1000,1000,1000,96,125,3
129,163,157,121,1000,1000,172,121,105,125,96,137,1000,1000,96,125,4
129,163,157,121,1000,163,1000,1000,105,125,1000,1000,1000,1000,96,125,5
129,163,157,121,1000,163,1000,121,105,125,1000,1000,1000,1000,96,125,6
129,163,157,121,1000,163,172,1000,105,125,92,135,1000,1000,96,125,7
129,163,157,121,1000,163,172,121,105,125,92,137,1000,1000,96,125,8
129,163,157,121,131,1000,1000,1000,105,125,1000,1000,1000,1000,96,125,9
129,163,157,121,131,1000,1000,121,105,125,106,123,1000,1000,96,125,10
129,163,157,121,131,1000,172,1000,105,125,1000,1000,1000,1000,96,125,11
129,163,157,121,131,1000,172,121,105,125,106,137,1000,1000,96,125,12
129,163,157,121,131,163,1000,1000,105,125,116,124,1000,1000,96,125,13
129,163,157,121,131,163,1000,121,105,125,106,124,1000,1000,96,125,14
129,163,157,121,131,163,172,1000,105,125,92,124,1000,1000,96,125,15
129,163,157,121,131,163,172,121,105,125,97,129,102,128,96,125,16
129,163,157,121,1000,1000,1000,1000,105,125,1000,1000,1000,1000,105,121,1
129,163,157,121,1000,1000,1000,116,105,125,1000,1000,1000,1000,105,121,2
129,163,157,121,1000,1000,-42,1000,105,125,1000,1000,1000,1000,105,121,3
129,163,157,121,1000,1000,-42,116,105,125,1000,1000,1000,1000,105,121,4
129,163,157,121,1000,161,1000,1000,105,125,1000,1000,1000,1000,105,121,5
129,163,157,121,1000,161,1000,116,105,125,1000,1000,1000,1000,105,121,6
129,163,157,121,1000,161,-42,1000,105,125,1000,1000,1000,1000,105,121,7
129,163,157,121,1000,161,-42,116,105,125,1000,1000,1000,1000,105,121,8
129,163,157,121,127,1000,1000,1000,105,125,1000,1000,1000,1000,105,121,9
129,163,157,121,127,1000,1000,116,105,125,107,132,1000,1000,105,121,10
129,163,157,121,127,1000,-42,1000,105,125,1000,1000,1000,1000,105,121,11
129,163,157,121,127,1000,-42,116,105,125,107,132,1000,1000,105,121,12
129,163,157,121,127,161,1000,1000,105,125,112,124,1000,1000,105,121,13
129,163,157,121,127,161,1000,116,105,125,107,124,1000,1000,105,121,14
129,163,157,121,127,161,-42,1000,105,125,112,124,1000,1000,105,121,15
129,163,157,121,127,161,-42,116,105,125,107,124,1000,1000,105,121,16
129,163,157,121,1000,1000,1000,1000,105,125,1000,1000,1000,1000,100,124,1
129,163,157,121,1000,1000,1000,120,105,125,1000,1000,1000,1000,100,124,2
129,163,157,121,1000,1000,166,1000,105,125,1000,1000,1000,1000,100,124,3
129,163,157,121,1000,1000,166,120,105,125,101,133,1000,1000,100,124,4
129,163,157,121,1000,163,1000,1000,105,125,1000,1000,1000,1000,100,124,5
129,163,157,121,1000,163,1000,120,105,125,1000,1000,1000,1000,100,124,6
129,163,157,121,1000,163,166,1000,105,125,98,130,1000,1000,100,124,7
129,163,157,121,1000,163,166,120,105,125,98,133,1000,1000,100,124,8
129,163,157,121,133,1000,1000,1000,105,125,1000,1000,1000,1000,100,124,9
129,163,157,121,133,1000,1000,120,105,125,108,122,1000,1000,100,124,10
129,163,157,121,133,1000,166,1000,105,125,1000,1000,1000,1000,100,124,11
129,163,157,121,133,1000,166,120,105,125,108,133,1000,1000,100,124,12
129,163,157,121,133,163,1000,1000,105,125,116,122,1000,1000,100,124,13
129,163,157,121,133,163,1000,120,105,125,108,122,1000,1000,100,124,14
129,163,157,121,133,163,166,1000,105,125,98,122,1000,1000,100,124,15
129,163,157,121,133,163,166,120,105,125,102,127,105,126,100,124,16
129,163,157,121,1000,1000,1000,1000,105,125,1000,1000,1000,1000,97,126,1
129,163,157,121,1000,1000,1000,117,105,125,1000,1000,1000,1000,97,126,2
129,163,157,121,1000,1000,169,1000,105,125,1000,1000,1000,1000,97,126,3
129,163,157,121,1000,1000,169,117,105,125,101,137,1000,1000,97,126,4
129,163,157,121,1000,162,1000,1000,105,125,1000,1000,1000,1000,97,126,5
129,163,157,121,1000,162,1000,117,105,125,1000,1000,1000,1000,97,126,6
129,163,157,121,1000,162,169,1000,105,125,94,132,1000,1000,97,126,7
129,163,157,121,1000,162,169,117,105,125,94,137,1000,1000,97,126,8
129,163,157,121,127,1000,1000,1000,105,125,1000,1000,1000,1000,97,126,9
129,163,157,121,127,1000,1000,117,105,125,106,130,1000,1000,97,126,10
129,163,157,121,127,1000,169,1000,105,125,1000,1000,1000,1000,97,126,11
129,163,157,121,127,1000,169,117,105,125,106,137,1000,1000,97,126,12
129,163,157,121,127,162,1000,1000,105,125,114,125,1000,1000,97,126,13
129,163,157,121,127,162,1000,117,105,125,106,125,1000,1000,97,126,14
129,163,157,121,127,162,169,1000,105,125,94,125,1000,1000,97,126,15
129,163,157,121,127,162,169,117,105,125,98,130,102,129,97,126,16
129,163,157,121,1000,1000,1000,1000,105,125,1000,1000,1000,1000,99,123,1
129,163,157,121,1000,1000,1000,122,105,125,1000,1000,1000,1000,99,123,2
129,163,157,121,1000,1000,168,1000,105,125,1000,1000,1000,1000,99,123,3
129,163,157,121,1000,1000,168,122,105,125,97,133,1000,1000,99,123,4
129,163,157,121,1000,163,1000,1000,105,125,1000,1000,1000,1000,99,123,5
129,163,157,121,1000,163,1000,122,105,125,1000,1000,1000,1000,99,123,6
129,163,157,121,1000,163,168,1000,105,125,96,132,1000,1000,99,123,7
129,163,157,121,1000,163,168,122,105,125,96,133,1000,1000,99,123,8
129,163,157,121,134,1000,1000,1000,105,125,1000,1000,1000,1000,99,123,9
129,163,157,121,134,1000,1000,122,105,125,108,121,1000,1000,99,123,10
129,163,157,121,134,1000,168,1000,105,125,1000,1000,1000,1000,99,123,11
129,163,157,121,134,1000,168,122,105,125,108,133,1000,1000,99,123,12
129,163,157,121,134,163,1000,1000,105,125,116,122,1000,1000,99,123,13
129,163,157,121,134,163,1000,122,105,125,108,122,1000,1000,99,123,14
129,163,157,121,134,163,168,1000,105,125,96,122,1000,1000,99,123,15
129,163,157,121,134,163,168,122,105,125,100,127,104,125,99,123,16
129,163,157,121,1000,1000,1000,1000,105,125,1000,1000,1000,1000,102,125,1
129,163,157,121,1000,1000,1000,117,105,125,1000,1000,1000,1000,102,125,2
129,163,157,121,1000,1000,160,1000,105,125,1000,1000,1000,1000,102,125,3
129,163,157,121,1000,1000,160,117,105,125,107,130,1000,1000,102,125,4
129,163,157,121,1000,163,1000,1000,105,125,1000,1000,1000,1000,102,125,5
129,163,157,121,1000,163,1000,117,105,125,1000,1000,1000,1000,102,125,6
129,163,157,121,1000,163,160,1000,105,125,102,127,1000,1000,102,125,7
129,163,157,121,1000,163,160,117,105,125,102,130,1000,1000,102,125,8
129,163,157,121,125,1000,1000,1000,105,125,1000,1000,1000,1000,102,125,9
129,163,157,121,125,1000,1000,117,105,125,105,132,1000,1000,102,125,10
129,163,157,121,125,1000,160,1000,105,125,1000,1000,1000,1000,102,125,11
129,163,157,121,125,1000,160,117,105,125,105,130,1000,1000,102,125,12
129,163,157,121,125,163,1000,1000,105,125,115,127,1000,1000,102,125,13
129,163,157,121,125,163,1000,117,105,125,105,127,1000,1000,102,125,14
129,163,157,121,125,163,160,1000,105,125,102,127,1000,1000,102,125,15
129,163,157,121,125,163,160,117,105,125,103,129,104,128,102,125,16
129,163,157,121,1000,1000,1000,1000,105,125,1000,1000,1000,1000,98,124,1
129,163,157,121,1000,1000,1000,124,105,125,1000,1000,1000,1000,98,124,2
129,163,157,121,1000,1000,167,1000,105,125,1000,1000,1000,1000,98,124,3
129,163,157,121,1000,1000,167,124,105,125,96,131,1000,1000,98,124,4
129,163,157,121,1000,163,1000,1000,105,125,1000,1000,1000,1000,98,124,5
129,163,157,121,1000,163,1000,124,105,125,1000,1000,1000,1000,98,124,6
129,163,157,121,1000,163,167,1000,105,125,97,131,1000,1000,98,124,7
129,163,157,121,1000,163,167,124,105,125,97,131,1000,1000,98,124,8
129,163,157,121,130,1000,1000,1000,105,125,1000,1000,1000,1000,98,124,9
129,163,157,121,130,1000,1000,124,105,125,104,122,1000,1000,98,124,10
129,163,157,121,130,1000,167,1000,105,125,1000,1000,1000,1000,98,124,11
129,163,157,121,130,1000,167,124,105,125,104,131,1000,1000,98,124,12
129,163,157,121,130,163,1000,1000,105,125,117,124,1000,1000,98,124,13
129,163,157,121,130,163,1000,124,105,125,104,124,1000,1000,98,124,14
129,163,157,121,130,163,167,1000,105,125,97,124,1000,1000,98,124,15
129,163,157,121,130,163,167,124,105,125,99,127,101,127,98,124,16
129,163,157,121,1000,1000,1000,1000,105,125,1000,1000,1000,1000,106,127,1
129,163,157,121,1000,1000,1000,116,105,125,1000,1000,1000,1000,106,127,2
129,163,157,121,1000,1000,160,1000,105,125,1000,1000,1000,1000,106,127,3
129,163,157,121,1000,1000,160,116,105,125,107,130,1000,1000,106,127,4
129,163,157,121,1000,-42,1000,1000,105,125,1000,1000,1000,1000,106,127,5
129,163,157,121,1000,-42,1000,116,105,125,1000,1000,1000,1000,106,127,6
129,163,157,121,1000,-42,160,1000,105,125,1000,1000,1000,1000,106,127,7
129,163,157,121,1000,-42,160,116,105,125,107,130,1000,1000,106,127,8
129,163,157,121,129,1000,1000,1000,105,125,1000,1000,1000,1000,106,127,9
129,163,157,121,129,1000,1000,116,105,125,108,129,1000,1000,106,127,10
129,163,157,121,129,1000,160,1000,105,125,1000,1000,1000,1000,106,127,11
129,163,157,121,129,1000,160,116,105,125,108,130,1000,1000,106,127,12
129,163,157,121,129,-42,1000,1000,105,125,1000,1000,1000,1000,106,127,13
129,163,157,121,129,-42,1000,116,105,125,108,129,1000,1000,106,127,14
129,163,157,121,129,-42,160,1000,105,125,1000,1000,1000,1000,106,127,15
129,163,157,121,129,-42,160,116,105,125,108,130,1000,1000,106,127,16
129,163,157,121,1000,1000,1000,1000,105,125,1000,1000,1000,1000,95,124,1
129,163,157,121,1000,1000,1000,122,105,125,1000,1000,1000,1000,95,124,2
129,163,157,121,1000,1000,173,1000,105,125,1000,1000,1000,1000,95,124,3
129,163,157,121,1000,1000,173,122,105,125,96,138,1000,1000,95,124,4
129,163,157,121,1000,162,1000,1000,105,125,1000,1000,1000,1000,95,124,5
129,163,157,121,1000,162,1000,122,105,125,1000,1000,1000,1000,95,124,6
129,163,157,121,1000,162,173,1000,105,125,91,134,1000,1000,95,124,7
129,163,157,121,1000,162,173,122,105,125,91,138,1000,1000,95,124,8
129,163,157,121,132,1000,1000,1000,105,125,1000,1000,1000,1000,95,124,9
129,163,157,121,132,1000,1000,122,105,125,106,121,1000,1000,95,124,10
129,163,157,121,132,1000,173,1000,105,125,1000,1000,1000,1000,95,124,11
129,163,157,121,132,1000,173,122,105,125,106,138,1000,1000,95,124,12
129,163,157,121,132,162,1000,1000,105,125,115,122,1000,1000,95,124,13
129,163,157,121,132,162,1000,122,105,125,106,122,1000,1000,95,124,14
129,163,157,121,132,162,173,1000,105,125,91,122,1000,1000,95,124,15
129,163,157,121,132,162,173,122,105,125,97,128,101,127,95,124,16
129,163,157,121,1000,1000,1000,1000,105,125,1000,1000,1000,1000,105,126,1
129,163,157,121,1000,1000,1000,122,105,125,1000,1000,1000,1000,105,126,2
129,163,157,121,1000,1000,164,1000,105,125,1000,1000,1000,1000,105,126,3
129,163,157,121,1000,1000,164,122,105,125,100,130,1000,1000,105,126,4
129,163,157,121,1000,-42,1000,1000,105,125,1000,1000,1000,1000,105,126,5
129,163,157,121,1000,-42,1000,122,105,125,1000,1000,1000,1000,105,126,6
129,163,157,121,1000,-42,164,1000,105,125,1000,1000,1000,1000,105,126,7
129,163,157,121,1000,-42,164,122,105,125,100,130,1000,1000,105,126,8
129,163,157,121,132,1000,1000,1000,105,125,1000,1000,1000,1000,105,126,9
129,163,157,121,132,1000,1000,122,105,125,106,121,1000,1000,105,126,10
129,163,157,121,132,1000,164,1000,105,125,1000,1000,1000,1000,105,126,11
129,163,157,121,132,1000,164,122,105,125,106,130,1000,1000,105,126,12
129,163,157,121,132,-42,1000,1000,105,125,1000,1000,1000,1000,105,126,13
129,163,157,121,132,-42,1000,122,105,125,106,121,1000,1000,105,126,14
129,163,157,121,132,-42,164,1000,105,125,1000,1000,1000,1000,105,126,15
129,163,157,121,132,-42,164,122,105,125,106,130,1000,1000,105,126,16
129,163,157,121,1000,1000,1000,1000,105,125,1000,1000,1000,1000,99,124,1
129,163,157,121,1000,1000,1000,122,105,125,1000,1000,1000,1000,99,124,2
129,163,157,121,1000,1000,169,1000,105,125,1000,1000,1000,1000,99,124,3
129,163,157,121,1000,1000,169,122,105,125,97,134,1000,1000,99,124,4
129,163,157,121,1000,164,1000,1000,105,125,1000,1000,1000,1000,99,124,5
129,163,157,121,1000,164,1000,122,105,125,1000,1000,1000,1000,99,124,6
129,163,157,121,1000,164,169,1000,105,125,96,133,1000,1000,99,124,7
129,163,157,121,1000,164,169,122,105,125,96,134,1000,1000,99,124,8
129,163,157,121,134,1000,1000,1000,105,125,1000,1000,1000,1000,99,124,9
129,163,157,121,134,1000,1000,122,105,125,108,121,1000,1000,99,124,10
129,163,157,121,134,1000,169,1000,105,125,1000,1000,1000,1000,99,124,11
129,163,157,121,134,1000,169,122,105,125,108,134,1000,1000,99,124,12
129,163,157,121,134,164,1000,1000,105,125,117,122,1000,1000,99,124,13
129,163,157,121,134,164,1000,122,105,125,108,122,1000,1000,99,124,14
129,163,157,121,134,164,169,1000,105,125,96,122,1000,1000,99,124,15
129,163,157,121,134,164,169,122,105,125,100,128,104,126,99,124,16
129,163,157,121,1000,1000,1000,1000,105,125,1000,1000,1000,1000,99,124,1
129,163,157,121,1000,1000,1000,117,105,125,1000,1000,1000,1000,99,124,2
129,163,157,121,1000,1000,163,1000,105,125,1000,1000,1000,1000,99,124,3
129,163,157,121,1000,1000,163,117,105,125,104,132,1000,1000,99,124,4
129,163,157,121,1000,160,1000,1000,105,125,1000,1000,1000,1000,99,124,5
129,163,157,121,1000,160,1000,117,105,125,1000,1000,1000,1000,99,124,6
129,163,157,121,1000,160,163,1000,105,125,98,126,1000,1000,99,124,7
129,163,157,121,1000,160,163,117,105,125,98,132,1000,1000,99,124,8
129,163,157,121,126,1000,1000,1000,105,125,1000,1000,1000,1000,99,124,9
129,163,157,121,126,1000,1000,117,105,125,105,130,1000,1000,99,124,10
129,163,157,121,126,1000,163,1000,105,125,1000,1000,1000,1000,99,124,11
129,163,157,121,126,1000,163,117,105,125,105,132,1000,1000,99,124,12
129,163,157,121,126,160,1000,1000,105,125,112,124,1000,1000,99,124,13
129,163,157,121,126,160,1000,117,105,125,105,124,1000,1000,99,124,14
129,163,157,121,126,160,163,1000,105,125,98,124,1000,1000,99,124,15
129,163,157,121,126,160,163,117,105,125,100,128,103,127,99,124,16
129,163,157,121,1000,1000,1000,1000,105,125,1000,1000,1000,1000,94,125,1
129,163,157,121,1000,1000,1000,121,105,125,1000,1000,1000,1000,94,125,2
129,163,157,121,1000,1000,173,1000,105,125,1000,1000,1000,1000,94,125,3
129,163,157,121,1000,1000,173,121,105,125,96,138,1000,1000,94,125,4
129,163,157,121,1000,161,1000,1000,105,125,1000,1000,1000,1000,94,125,5
129,163,157,121,1000,161,1000,121,105,125,1000,1000,1000,1000,94,125,6
129,163,157,121,1000,161,173,1000,105,125,90,133,1000,1000,94,125,7
129,163,157,121,1000,161,173,121,105,125,90,138,1000,1000,94,125,8
129,163,157,121,129,1000,1000,1000,105,125,1000,1000,1000,1000,94,125,9
129,163,157,121,129,1000,1000,121,105,125,105,125,1000,1000,94,125,10
129,163,157,121,129,1000,173,1000,105,125,1000,1000,1000,1000,94,125,11
129,163,157,121,129,1000,173,121,105,125,105,138,1000,1000,94,125,12
129,163,157,121,129,161,1000,1000,105,125,114,123,1000,1000,94,125,13
129,163,157,121,129,161,1000,121,105,125,105,123,1000,1000,94,125,14
129,163,157,121,129,161,173,1000,105,125,90,123,1000,1000,94,125,15
129,163,157,121,129,161,173,121,105,125,95,129,100,128,94,125,16
129,163,157,121,1000,1000,1000,1000,105,125,1000,1000,1000,1000,102,125,1
129,163,157,121,1000,1000,1000,117,105,125,1000,1000,1000,1000,102,125,2
129,163,157,121,1000,1000,160,1000,105,125,1000,1000,1000,1000,102,125,3
129,163,157,121,1000,1000,160,117,105,125,107,130,1000,1000,102,125,4
129,163,157,121,1000,163,1000,1000,105,125,1000,1000,1000,1000,102,125,5
129,163,157,121,1000,163,1000,117,105,125,1000,1000,1000,1000,102,125,6
129,163,157,121,1000,163,160,1000,105,125,102,127,1000,1000,102,125,7
129,163,157,121,1000,163,160,117,105,125,102,130,1000,1000,102,125,8
129,163,157,121,126,1000,1000,1000,105,125,1000,1000,1000,1000,102,125,9
129,163,157,121,126,1000,1000,117,105,125,105,130,1000,1000,102,125,10
129,163,157,121,126,1000,160,1000,105,125,1000,1000,1000,1000,102,125,11
129,163,157,121,126,1000,160,117,105,125,105,130,1000,1000,102,125,12
129,163,157,121,126,163,1000,1000,105,125,115,127,1000,1000,102,125,13
129,163,157,121,126,163,1000,117,105,125,105,127,1000,1000,102,125,14
129,163,157,121,126,163,160,1000,105,125,102,127,1000,1000,102,125,15
129,163,157,121,126,163,160,117,105,125,103,128,104,128,102,125,16
129,163,157,121,1000,1000,1000,1000,105,125,1000,1000,1000,1000,94,125,1
129,163,157,121,1000,1000,1000,120,105,125,1000,1000,1000,1000,94,125,2
129,163,157,121,1000,1000,175,1000,105,125,1000,1000,1000,1000,94,125,3
129,163,157,121,1000,1000,175,120,105,125,96,141,1000,1000,94,125,4
129,163,157,121,1000,162,1000,1000,105,125,1000,1000,1000,1000,94,125,5
129,163,157,121,1000,162,1000,120,105,125,1000,1000,1000,1000,94,125,6
129,163,157,121,1000,162,175,1000,105,125,89,135,1000,1000,94,125,7
129,163,157,121,1000,162,175,120,105,125,89,141,1000,1000,94,125,8
129,163,157,121,132,1000,1000,1000,105,125,1000,1000,1000,1000,94,125,9
129,163,157,121,132,1000,1000,120,105,125,108,124,1000,1000,94,125,10
129,163,157,121,132,1000,175,1000,105,125,1000,1000,1000,1000,94,125,11
129,163,157,121,132,1000,175,120,105,125,108,141,1000,1000,94,125,12
129,163,157,121,132,162,1000,1000,105,125,114,122,1000,1000,94,125,13
129,163,157,121,132,162,1000,120,105,125,108,122,1000,1000,94,125,14
129,163,157,121,132,162,175,1000,105,125,89,122,1000,1000,94,125,15
129,163,157,121,132,162,175,120,105,125,96,129,101,128,94,125,16
129,163,157,121,1000,1000,1000,1000,105,125,1000,1000,1000,1000,100,125,1
129,163,157,121,1000,1000,1000,120,105,125,1000,1000,1000,1000,100,125,2
129,163,157,121,1000,1000,166,1000,105,125,1000,1000,1000,1000,100,125,3
129,163,157,121,1000,1000,166,120,105,125,101,133,1000,1000,100,125,4
129,163,157,121,1000,164,1000,1000,105,125,1000,1000,1000,1000,100,125,5
129,163,157,121,1000,164,1000,120,105,125,1000,1000,1000,1000,100,125,6
129,163,157,121,1000,164,166,1000,105,125,98,131,1000,1000,100,125,7
129,163,157,121,1000,164,166,120,105,125,98,133,1000,1000,100,125,8
129,163,157,121,129,1000,1000,1000,105,125,1000,1000,1000,1000,100,125,9
129,163,157,121,129,1000,1000,120,105,125,106,126,1000,1000,100,125,10
129,163,157,121,129,1000,166,1000,105,125,1000,1000,1000,1000,100,125,11
129,163,157,121,129,1000,166,120,105,125,106,133,1000,1000,100,125,12
129,163,157,121,129,164,1000,1000,105,125,116,126,1000,1000,100,125,13
129,163,157,121,129,164,1000,120,105,125,106,126,1000,1000,100,125,14
129,163,157,121,129,164,166,1000,105,125,98,126,1000,1000,100,125,15
129,163,157,121,129,164,166,120,105,125,101,129,103,128,100,125,16
