168,206,142,79,1000,1000,1000,1000,155,135,1000,1000,1000,1000,165,131,1
168,206,142,79,1000,1000,1000,75,155,135,1000,1000,1000,1000,165,131,2
168,206,142,79,1000,1000,143,1000,155,135,1000,1000,1000,1000,165,131,3
168,206,142,79,1000,1000,143,75,155,135,159,137,1000,1000,165,131,4
168,206,142,79,1000,220,1000,1000,155,135,1000,1000,1000,1000,165,131,5
168,206,142,79,1000,220,1000,75,155,135,1000,1000,1000,1000,165,131,6
168,206,142,79,1000,220,143,1000,155,135,170,140,1000,1000,165,131,7
168,206,142,79,1000,220,143,75,155,135,170,137,1000,1000,165,131,8
168,206,142,79,191,1000,1000,1000,155,135,1000,1000,1000,1000,165,131,9
168,206,142,79,191,1000,1000,75,155,135,177,128,1000,1000,165,131,10
168,206,142,79,191,1000,143,1000,155,135,1000,1000,1000,1000,165,131,11
168,206,142,79,191,1000,143,75,155,135,177,137,1000,1000,165,131,12
168,206,142,79,191,220,1000,1000,155,135,159,130,1000,1000,165,131,13
168,206,142,79,191,220,1000,75,155,135,177,130,1000,1000,165,131,14
168,206,142,79,191,220,143,1000,155,135,170,130,1000,1000,165,131,15
168,206,142,79,191,220,143,75,155,135,172,135,175,132,165,131,16
168,206,142,79,1000,1000,1000,1000,155,135,1000,1000,1000,1000,153,131,1
168,206,142,79,1000,1000,1000,73,155,135,1000,1000,1000,1000,153,131,2
168,206,142,79,1000,1000,141,1000,155,135,1000,1000,1000,1000,153,131,3
168,206,142,79,1000,1000,141,73,155,135,163,136,1000,1000,153,131,4
168,206,142,79,1000,208,1000,1000,155,135,1000,1000,1000,1000,153,131,5
168,206,142,79,1000,208,1000,73,155,135,1000,1000,1000,1000,153,131,6
168,206,142,79,1000,208,141,1000,155,135,158,135,1000,1000,153,131,7
168,206,142,79,1000,208,141,73,155,135,158,136,1000,1000,153,131,8
168,206,142,79,172,1000,1000,1000,155,135,1000,1000,1000,1000,153,131,9
168,206,142,79,172,1000,1000,73,155,135,161,139,1000,1000,153,131,10
168,206,142,79,172,1000,141,1000,155,135,1000,1000,1000,1000,153,131,11
168,206,142,79,172,1000,141,73,155,135,161,136,1000,1000,153,131,12
168,206,142,79,172,208,1000,1000,155,135,147,134,1000,1000,153,131,13
168,206,142,79,172,208,1000,73,155,135,161,134,1000,1000,153,131,14
168,206,142,79,172,208,141,1000,155,135,158,134,1000,1000,153,131,15
168,206,142,79,172,208,141,73,155,135,159,136,160,135,153,131,16
168,206,142,79,1000,1000,1000,1000,155,135,1000,1000,1000,1000,165,132,1
168,206,142,79,1000,1000,1000,76,155,135,1000,1000,1000,1000,165,132,2
168,206,142,79,1000,1000,144,1000,155,135,1000,1000,1000,1000,165,132,3
168,206,142,79,1000,1000,144,76,155,135,156,137,1000,1000,165,132,4
168,206,142,79,1000,222,1000,1000,155,135,1000,1000,1000,1000,165,132,5
168,206,142,79,1000,222,1000,76,155,135,1000,1000,1000,1000,165,132,6
168,206,142,79,1000,222,144,1000,155,135,171,142,1000,1000,165,132,7
168,206,142,79,1000,222,144,76,155,135,171,137,1000,1000,165,132,8
168,206,142,79,188,1000,1000,1000,155,135,1000,1000,1000,1000,165,132,9
168,206,142,79,188,1000,1000,76,155,135,174,129,1000,1000,165,132,10
168,206,142,79,188,1000,144,1000,155,135,1000,1000,1000,1000,165,132,11
168,206,142,79,188,1000,144,76,155,135,174,137,1000,1000,165,132,12
168,206,142,79,188,222,1000,1000,155,135,161,135,1000,1000,165,132,13
168,206,142,79,188,222,1000,76,155,135,174,135,1000,1000,165,132,14
168,206,142,79,188,222,144,1000,155,135,171,135,1000,1000,165,132,15
168,206,142,79,188,222,144,76,155,135,172,137,173,136,165,132,16
168,206,142,79,1000,1000,1000,1000,155,135,1000,1000,1000,1000,153,131,1
168,206,142,79,1000,1000,1000,74,155,135,1000,1000,1000,1000,153,131,2
168,206,142,79,1000,1000,142,1000,155,135,1000,1000,1000,1000,153,131,3
168,206,142,79,1000,1000,142,74,155,135,163,137,1000,1000,153,131,4
168,206,142,79,1000,209,1000,1000,155,135,1000,1000,1000,1000,153,131,5
168,206,142,79,1000,209,1000,74,155,135,1000,1000,1000,1000,153,131,6
168,206,142,79,1000,209,142,1000,155,135,159,136,1000,1000,153,131,7
168,206,142,79,1000,209,142,74,155,135,159,137,1000,1000,153,131,8
168,206,142,79,173,1000,1000,1000,155,135,1000,1000,1000,1000,153,131,9
168,206,142,79,173,1000,1000,74,155,135,161,137,1000,1000,153,131,10
168,206,142,79,173,1000,142,1000,155,135,1000,1000,1000,1000,153,131,11
168,206,142,79,173,1000,142,74,155,135,161,137,1000,1000,153,131,12
168,206,142,79,173,209,1000,1000,155,135,149,134,1000,1000,153,131,13
168,206,142,79,173,209,1000,74,155,135,161,134,1000,1000,153,131,14
168,206,142,79,173,209,142,1000,155,135,159,134,1000,1000,153,131,15
168,206,142,79,173,209,142,74,155,135,160,136,160,135,153,131,16
168,206,142,79,1000,1000,1000,1000,155,135,1000,1000,1000,1000,161,131,1
168,206,142,79,1000,1000,1000,-42,155,135,1000,1000,1000,1000,161,131,2
168,206,142,79,1000,1000,-42,1000,155,135,1000,1000,1000,1000,161,131,3
168,206,142,79,1000,1000,-42,-42,155,135,1000,1000,1000,1000,161,131,4
168,206,142,79,1000,-42,1000,1000,155,135,1000,1000,1000,1000,161,131,5
168,206,142,79,1000,-42,1000,-42,155,135,1000,1000,1000,1000,161,131,6
168,206,142,79,1000,-42,-42,1000,155,135,1000,1000,1000,1000,161,131,7
168,206,142,79,1000,-42,-42,-42,155,135,1000,1000,1000,1000,161,131,8
168,206,142,79,-42,1000,1000,1000,155,135,1000,1000,1000,1000,161,131,9
168,206,142,79,-42,1000,1000,-42,155,135,1000,1000,1000,1000,161,131,10
168,206,142,79,-42,1000,-42,1000,155,135,1000,1000,1000,1000,161,131,11
168,206,142,79,-42,1000,-42,-42,155,135,1000,1000,1000,1000,161,131,12
168,206,142,79,-42,-42,1000,1000,155,135,1000,1000,1000,1000,161,131,13
168,206,142,79,-42,-42,1000,-42,155,135,1000,1000,1000,1000,161,131,14
168,206,142,79,-42,-42,-42,1000,155,135,1000,1000,1000,1000,161,131,15
168,206,142,79,-42,-42,-42,-42,155,135,1000,1000,1000,1000,161,131,16
168,206,142,79,1000,1000,1000,1000,155,135,1000,1000,1000,1000,161,132,1
168,206,142,79,1000,1000,1000,74,155,135,1000,1000,1000,1000,161,132,2
168,206,142,79,1000,1000,146,1000,155,135,1000,1000,1000,1000,161,132,3
168,206,142,79,1000,1000,146,74,155,135,159,140,1000,1000,161,132,4
168,206,142,79,1000,217,1000,1000,155,135,1000,1000,1000,1000,161,132,5
168,206,142,79,1000,217,1000,74,155,135,1000,1000,1000,1000,161,132,6
168,206,142,79,1000,217,146,1000,155,135,164,142,1000,1000,161,132,7
168,206,142,79,1000,217,146,74,155,135,164,140,1000,1000,161,132,8
168,206,142,79,189,1000,1000,1000,155,135,1000,1000,1000,1000,161,132,9
168,206,142,79,189,1000,1000,74,155,135,176,131,1000,1000,161,132,10
168,206,142,79,189,1000,146,1000,155,135,1000,1000,1000,1000,161,132,11
168,206,142,79,189,1000,146,74,155,135,176,140,1000,1000,161,132,12
168,206,142,79,189,217,1000,1000,155,135,157,128,1000,1000,161,132,13
168,206,142,79,189,217,1000,74,155,135,176,128,1000,1000,161,132,14
168,206,142,79,189,217,146,1000,155,135,164,128,1000,1000,161,132,15
168,206,142,79,189,217,146,74,155,135,168,136,172,132,161,132,16
168,206,142,79,1000,1000,1000,1000,155,135,1000,1000,1000,1000,150,132,1
168,206,142,79,1000,1000,1000,73,155,135,1000,1000,1000,1000,150,132,2
168,206,142,79,1000,1000,143,1000,155,135,1000,1000,1000,1000,150,132,3
168,206,142,79,1000,1000,143,73,155,135,163,138,1000,1000,150,132,4
168,206,142,79,1000,206,1000,1000,155,135,1000,1000,1000,1000,150,132,5
168,206,142,79,1000,206,1000,73,155,135,1000,1000,1000,1000,150,132,6
168,206,142,79,1000,206,143,1000,155,135,155,136,1000,1000,150,132,7
168,206,142,79,1000,206,143,73,155,135,155,138,1000,1000,150,132,8
168,206,142,79,172,1000,1000,1000,155,135,1000,1000,1000,1000,150,132,9
168,206,142,79,172,1000,1000,73,155,135,161,139,1000,1000,150,132,10
168,206,142,79,172,1000,143,1000,155,135,1000,1000,1000,1000,150,132,11
168,206,142,79,172,1000,143,73,155,135,161,138,1000,1000,150,132,12
168,206,142,79,172,206,1000,1000,155,135,146,132,1000,1000,150,132,13
168,206,142,79,172,206,1000,73,155,135,161,132,1000,1000,150,132,14
168,206,142,79,172,206,143,1000,155,135,155,132,1000,1000,150,132,15
168,206,142,79,172,206,143,73,155,135,157,136,159,134,150,132,16
168,206,142,79,1000,1000,1000,1000,155,135,1000,1000,1000,1000,160,131,1
168,206,142,79,1000,1000,1000,73,155,135,1000,1000,1000,1000,160,131,2
168,206,142,79,1000,1000,143,1000,155,135,1000,1000,1000,1000,160,131,3
168,206,142,79,1000,1000,143,73,155,135,163,138,1000,1000,160,131,4
168,206,142,79,1000,215,1000,1000,155,135,1000,1000,1000,1000,160,131,5
168,206,142,79,1000,215,1000,73,155,135,1000,1000,1000,1000,160,131,6
168,206,142,79,1000,215,143,1000,155,135,164,139,1000,1000,160,131,7
168,206,142,79,1000,215,143,73,155,135,164,138,1000,1000,160,131,8
168,206,142,79,187,1000,1000,1000,155,135,1000,1000,1000,1000,160,131,9
168,206,142,79,187,1000,1000,73,155,135,174,131,1000,1000,160,131,10
168,206,142,79,187,1000,143,1000,155,135,1000,1000,1000,1000,160,131,11
168,206,142,79,187,1000,143,73,155,135,174,138,1000,1000,160,131,12
168,206,142,79,187,215,1000,1000,155,135,155,128,1000,1000,160,131,13
168,206,142,79,187,215,1000,73,155,135,174,128,1000,1000,160,131,14
168,206,142,79,187,215,143,1000,155,135,164,128,1000,1000,160,131,15
168,206,142,79,187,215,143,73,155,135,168,135,171,131,160,131,16
168,206,142,79,1000,1000,1000,1000,155,135,1000,1000,1000,1000,152,132,1
168,206,142,79,1000,1000,1000,74,155,135,1000,1000,1000,1000,152,132,2
168,206,142,79,1000,1000,144,1000,155,135,1000,1000,1000,1000,152,132,3
168,206,142,79,1000,1000,144,74,155,135,159,138,1000,1000,152,132,4
168,206,142,79,1000,208,1000,1000,155,135,1000,1000,1000,1000,152,132,5
168,206,142,79,1000,208,1000,74,155,135,1000,1000,1000,1000,152,132,6
168,206,142,79,1000,208,144,1000,155,135,156,138,1000,1000,152,132,7
168,206,142,79,1000,208,144,74,155,135,156,138,1000,1000,152,132,8
168,206,142,79,173,1000,1000,1000,155,135,1000,1000,1000,1000,152,132,9
168,206,142,79,173,1000,1000,74,155,135,161,137,1000,1000,152,132,10
168,206,142,79,173,1000,144,1000,155,135,1000,1000,1000,1000,152,132,11
168,206,142,79,173,1000,144,74,155,135,161,138,1000,1000,152,132,12
168,206,142,79,173,208,1000,1000,155,135,148,133,1000,1000,152,132,13
168,206,142,79,173,208,1000,74,155,135,161,133,1000,1000,152,132,14
168,206,142,79,173,208,144,1000,155,135,156,133,1000,1000,152,132,15
168,206,142,79,173,208,144,74,155,135,158,137,160,135,152,132,16
168,206,142,79,1000,1000,1000,1000,155,135,1000,1000,1000,1000,165,132,1
168,206,142,79,1000,1000,1000,76,155,135,1000,1000,1000,1000,165,132,2
168,206,142,79,1000,1000,145,1000,155,135,1000,1000,1000,1000,165,132,3
168,206,142,79,1000,1000,145,76,155,135,155,138,1000,1000,165,132,4
168,206,142,79,1000,222,1000,1000,155,135,1000,1000,1000,1000,165,132,5
168,206,142,79,1000,222,1000,76,155,135,1000,1000,1000,1000,165,132,6
168,206,142,79,1000,222,145,1000,155,135,171,142,1000,1000,165,132,7
168,206,142,79,1000,222,145,76,155,135,171,138,1000,1000,165,132,8
168,206,142,79,188,1000,1000,1000,155,135,1000,1000,1000,1000,165,132,9
168,206,142,79,188,1000,1000,76,155,135,174,129,1000,1000,165,132,10
168,206,142,79,188,1000,145,1000,155,135,1000,1000,1000,1000,165,132,11
168,206,142,79,188,1000,145,76,155,135,174,138,1000,1000,165,132,12
168,206,142,79,188,222,1000,1000,155,135,161,135,1000,1000,165,132,13
168,206,142,79,188,222,1000,76,155,135,174,135,1000,1000,165,132,14
168,206,142,79,188,222,145,1000,155,135,171,135,1000,1000,165,132,15
168,206,142,79,188,222,145,76,155,135,172,137,173,136,165,132,16
168,206,142,79,1000,1000,1000,1000,155,135,1000,1000,1000,1000,153,134,1
168,206,142,79,1000,1000,1000,73,155,135,1000,1000,1000,1000,153,134,2
168,206,142,79,1000,1000,146,1000,155,135,1000,1000,1000,1000,153,134,3
168,206,142,79,1000,1000,146,73,155,135,159,140,1000,1000,153,134,4
168,206,142,79,1000,212,1000,1000,155,135,1000,1000,1000,1000,153,134,5
168,206,142,79,1000,212,1000,73,155,135,1000,1000,1000,1000,153,134,6
168,206,142,79,1000,212,146,1000,155,135,159,140,1000,1000,153,134,7
168,206,142,79,1000,212,146,73,155,135,159,140,1000,1000,153,134,8
168,206,142,79,172,1000,1000,1000,155,135,1000,1000,1000,1000,153,134,9
168,206,142,79,172,1000,1000,73,155,135,161,139,1000,1000,153,134,10
168,206,142,79,172,1000,146,1000,155,135,1000,1000,1000,1000,153,134,11
168,206,142,79,172,1000,146,73,155,135,161,140,1000,1000,153,134,12
168,206,142,79,172,212,1000,1000,155,135,151,138,1000,1000,153,134,13
168,206,142,79,172,212,1000,73,155,135,161,138,1000,1000,153,134,14
168,206,142,79,172,212,146,1000,155,135,159,138,1000,1000,153,134,15
168,206,142,79,172,212,146,73,155,135,160,140,160,139,153,134,16
168,206,142,79,1000,1000,1000,1000,155,135,1000,1000,1000,1000,163,130,1
168,206,142,79,1000,1000,1000,75,155,135,1000,1000,1000,1000,163,130,2
168,206,142,79,1000,1000,142,1000,155,135,1000,1000,1000,1000,163,130,3
168,206,142,79,1000,1000,142,75,155,135,159,136,1000,1000,163,130,4
168,206,142,79,1000,217,1000,1000,155,135,1000,1000,1000,1000,163,130,5
168,206,142,79,1000,217,1000,75,155,135,1000,1000,1000,1000,163,130,6
168,206,142,79,1000,217,142,1000,155,135,167,139,1000,1000,163,130,7
168,206,142,79,1000,217,142,75,155,135,167,136,1000,1000,163,130,8
168,206,142,79,189,1000,1000,1000,155,135,1000,1000,1000,1000,163,130,9
168,206,142,79,189,1000,1000,75,155,135,175,129,1000,1000,163,130,10
168,206,142,79,189,1000,142,1000,155,135,1000,1000,1000,1000,163,130,11
168,206,142,79,189,1000,142,75,155,135,175,136,1000,1000,163,130,12
168,206,142,79,189,217,1000,1000,155,135,157,128,1000,1000,163,130,13
168,206,142,79,189,217,1000,75,155,135,175,128,1000,1000,163,130,14
168,206,142,79,189,217,142,1000,155,135,167,128,1000,1000,163,130,15
168,206,142,79,189,217,142,75,155,135,170,134,173,131,163,130,16
168,206,142,79,1000,1000,1000,1000,155,135,1000,1000,1000,1000,154,132,1
168,206,142,79,1000,1000,1000,74,155,135,1000,1000,1000,1000,154,132,2
168,206,142,79,1000,1000,143,1000,155,135,1000,1000,1000,1000,154,132,3
168,206,142,79,1000,1000,143,74,155,135,159,137,1000,1000,154,132,4
168,206,142,79,1000,211,1000,1000,155,135,1000,1000,1000,1000,154,132,5
168,206,142,79,1000,211,1000,74,155,135,1000,1000,1000,1000,154,132,6
168,206,142,79,1000,211,143,1000,155,135,160,138,1000,1000,154,132,7
168,206,142,79,1000,211,143,74,155,135,160,137,1000,1000,154,132,8
168,206,142,79,171,1000,1000,1000,155,135,1000,1000,1000,1000,154,132,9
168,206,142,79,171,1000,1000,74,155,135,159,137,1000,1000,154,132,10
168,206,142,79,171,1000,143,1000,155,135,1000,1000,1000,1000,154,132,11
168,206,142,79,171,1000,143,74,155,135,159,137,1000,1000,154,132,12
168,206,142,79,171,211,1000,1000,155,135,150,138,1000,1000,154,132,13
168,206,142,79,171,211,1000,74,155,135,159,138,1000,1000,154,132,14
168,206,142,79,171,211,143,1000,155,135,160,138,1000,1000,154,132,15
168,206,142,79,171,211,143,74,155,135,160,138,160,138,154,132,16
168,206,142,79,1000,1000,1000,1000,155,135,1000,1000,1000,1000,207,132,1
168,206,142,79,1000,1000,1000,73,155,135,1000,1000,1000,1000,207,132,2
168,206,142,79,1000,1000,142,1000,155,135,1000,1000,1000,1000,207,132,3
168,206,142,79,1000,1000,142,73,155,135,163,137,1000,1000,207,132,4
168,206,142,79,1000,271,1000,1000,155,135,1000,1000,1000,1000,207,132,5
168,206,142,79,1000,271,1000,73,155,135,1000,1000,1000,1000,207,132,6
168,206,142,79,1000,271,142,1000,155,135,233,138,1000,1000,207,132,7
168,206,142,79,1000,271,142,73,155,135,233,137,1000,1000,207,132,8
168,206,142,79,186,1000,1000,1000,155,135,1000,1000,1000,1000,207,132,9
168,206,142,79,186,1000,1000,73,155,135,173,132,1000,1000,207,132,10
168,206,142,79,186,1000,142,1000,155,135,1000,1000,1000,1000,207,132,11
168,206,142,79,186,1000,142,73,155,135,173,137,1000,1000,207,132,12
168,206,142,79,186,271,1000,1000,155,135,198,197,1000,1000,207,132,13
168,206,142,79,186,271,1000,73,155,135,173,197,1000,1000,207,132,14
168,206,142,79,186,271,142,1000,155,135,233,197,1000,1000,207,132,15
168,206,142,79,186,271,142,73,155,135,213,137,193,177,207,132,16
168,206,142,79,1000,1000,1000,1000,155,135,1000,1000,1000,1000,153,132,1
168,206,142,79,1000,1000,1000,73,155,135,1000,1000,1000,1000,153,132,2
168,206,142,79,1000,1000,143,1000,155,135,1000,1000,1000,1000,153,132,3
168,206,142,79,1000,1000,143,73,155,135,163,138,1000,1000,153,132,4
168,206,142,79,1000,209,1000,1000,155,135,1000,1000,1000,1000,153,132,5
168,206,142,79,1000,209,1000,73,155,135,1000,1000,1000,1000,153,132,6
168,206,142,79,1000,209,143,1000,155,135,158,137,1000,1000,153,132,7
168,206,142,79,1000,209,143,73,155,135,158,138,1000,1000,153,132,8
168,206,142,79,174,1000,1000,1000,155,135,1000,1000,1000,1000,153,132,9
168,206,142,79,174,1000,1000,73,155,135,162,137,1000,1000,153,132,10
168,206,142,79,174,1000,143,1000,155,135,1000,1000,1000,1000,153,132,11
168,206,142,79,174,1000,143,73,155,135,162,138,1000,1000,153,132,12
168,206,142,79,174,209,1000,1000,155,135,148,134,1000,1000,153,132,13
168,206,142,79,174,209,1000,73,155,135,162,134,1000,1000,153,132,14
168,206,142,79,174,209,143,1000,155,135,158,134,1000,1000,153,132,15
168,206,142,79,174,209,143,73,155,135,159,137,161,135,153,132,16
168,206,142,79,1000,1000,1000,1000,155,135,1000,1000,1000,1000,162,131,1
168,206,142,79,1000,1000,1000,71,155,135,1000,1000,1000,1000,162,131,2
168,206,142,79,1000,1000,140,1000,155,135,1000,1000,1000,1000,162,131,3
168,206,142,79,1000,1000,140,71,155,135,167,136,1000,1000,162,131,4
168,206,142,79,1000,217,1000,1000,155,135,1000,1000,1000,1000,162,131,5
168,206,142,79,1000,217,1000,71,155,135,1000,1000,1000,1000,162,131,6
168,206,142,79,1000,217,140,1000,155,135,169,136,1000,1000,162,131,7
168,206,142,79,1000,217,140,71,155,135,169,136,1000,1000,162,131,8
168,206,142,79,183,1000,1000,1000,155,135,1000,1000,1000,1000,162,131,9
168,206,142,79,183,1000,1000,71,155,135,171,135,1000,1000,162,131,10
168,206,142,79,183,1000,140,1000,155,135,1000,1000,1000,1000,162,131,11
168,206,142,79,183,1000,140,71,155,135,171,136,1000,1000,162,131,12
168,206,142,79,183,217,1000,1000,155,135,155,134,1000,1000,162,131,13
168,206,142,79,183,217,1000,71,155,135,171,134,1000,1000,162,131,14
168,206,142,79,183,217,140,1000,155,135,169,134,1000,1000,162,131,15
168,206,142,79,183,217,140,71,155,135,169,136,170,135,162,131,16
168,206,142,79,1000,1000,1000,1000,155,135,1000,1000,1000,1000,154,132,1
168,206,142,79,1000,1000,1000,74,155,135,1000,1000,1000,1000,154,132,2
168,206,142,79,1000,1000,143,1000,155,135,1000,1000,1000,1000,154,132,3
168,206,142,79,1000,1000,143,74,155,135,159,137,1000,1000,154,132,4
168,206,142,79,1000,210,1000,1000,155,135,1000,1000,1000,1000,154,132,5
168,206,142,79,1000,210,1000,74,155,135,1000,1000,1000,1000,154,132,6
168,206,142,79,1000,210,143,1000,155,135,159,137,1000,1000,154,132,7
168,206,142,79,1000,210,143,74,155,135,159,137,1000,1000,154,132,8
168,206,142,79,173,1000,1000,1000,155,135,1000,1000,1000,1000,154,132,9
168,206,142,79,173,1000,1000,74,155,135,161,137,1000,1000,154,132,10
168,206,142,79,173,1000,143,1000,155,135,1000,1000,1000,1000,154,132,11
168,206,142,79,173,1000,143,74,155,135,161,137,1000,1000,154,132,12
168,206,142,79,173,210,1000,1000,155,135,150,135,1000,1000,154,132,13
168,206,142,79,173,210,1000,74,155,135,161,135,1000,1000,154,132,14
168,206,142,79,173,210,143,1000,155,135,159,135,1000,1000,154,132,15
168,206,142,79,173,210,143,74,155,135,160,137,160,136,154,132,16
168,206,142,79,1000,1000,1000,1000,155,135,1000,1000,1000,1000,165,134,1
168,206,142,79,1000,1000,1000,74,155,135,1000,1000,1000,1000,165,134,2
168,206,142,79,1000,1000,146,1000,155,135,1000,1000,1000,1000,165,134,3
168,206,142,79,1000,1000,146,74,155,135,159,140,1000,1000,165,134,4
168,206,142,79,1000,223,1000,1000,155,135,1000,1000,1000,1000,165,134,5
168,206,142,79,1000,223,1000,74,155,135,1000,1000,1000,1000,165,134,6
168,206,142,79,1000,223,146,1000,155,135,171,143,1000,1000,165,134,7
168,206,142,79,1000,223,146,74,155,135,171,140,1000,1000,165,134,8
168,206,142,79,189,1000,1000,1000,155,135,1000,1000,1000,1000,165,134,9
168,206,142,79,189,1000,1000,74,155,135,176,131,1000,1000,165,134,10
168,206,142,79,189,1000,146,1000,155,135,1000,1000,1000,1000,165,134,11
168,206,142,79,189,1000,146,74,155,135,176,140,1000,1000,165,134,12
168,206,142,79,189,223,1000,1000,155,135,161,135,1000,1000,165,134,13
168,206,142,79,189,223,1000,74,155,135,176,135,1000,1000,165,134,14
168,206,142,79,189,223,146,1000,155,135,171,135,1000,1000,165,134,15
168,206,142,79,189,223,146,74,155,135,173,138,174,137,165,134,16
168,206,142,79,1000,1000,1000,1000,155,135,1000,1000,1000,1000,151,131,1
168,206,142,79,1000,1000,1000,73,155,135,1000,1000,1000,1000,151,131,2
168,206,142,79,1000,1000,142,1000,155,135,1000,1000,1000,1000,151,131,3
168,206,142,79,1000,1000,142,73,155,135,163,137,1000,1000,151,131,4
168,206,142,79,1000,206,1000,1000,155,135,1000,1000,1000,1000,151,131,5
168,206,142,79,1000,206,1000,73,155,135,1000,1000,1000,1000,151,131,6
168,206,142,79,1000,206,142,1000,155,135,156,135,1000,1000,151,131,7
168,206,142,79,1000,206,142,73,155,135,156,137,1000,1000,151,131,8
168,206,142,79,170,1000,1000,1000,155,135,1000,1000,1000,1000,151,131,9
168,206,142,79,170,1000,1000,73,155,135,159,140,1000,1000,151,131,10
168,206,142,79,170,1000,142,1000,155,135,1000,1000,1000,1000,151,131,11
168,206,142,79,170,1000,142,73,155,135,159,137,1000,1000,151,131,12
168,206,142,79,170,206,1000,1000,155,135,145,134,1000,1000,151,131,13
168,206,142,79,170,206,1000,73,155,135,159,134,1000,1000,151,131,14
168,206,142,79,170,206,142,1000,155,135,156,134,1000,1000,151,131,15
168,206,142,79,170,206,142,73,155,135,157,136,158,135,151,131,16
168,206,142,79,1000,1000,1000,1000,155,135,1000,1000,1000,1000,218,131,1
168,206,142,79,1000,1000,1000,74,155,135,1000,1000,1000,1000,218,131,2
168,206,142,79,1000,1000,141,1000,155,135,1000,1000,1000,1000,218,131,3
168,206,142,79,1000,1000,141,74,155,135,163,136,1000,1000,218,131,4
168,206,142,79,1000,283,1000,1000,155,135,1000,1000,1000,1000,218,131,5
168,206,142,79,1000,283,1000,74,155,135,1000,1000,1000,1000,218,131,6
168,206,142,79,1000,283,141,1000,155,135,251,131,1000,1000,218,131,7
168,206,142,79,1000,283,141,74,155,135,251,136,1000,1000,218,131,8
168,206,142,79,188,1000,1000,1000,155,135,1000,1000,1000,1000,218,131,9
168,206,142,79,188,1000,1000,74,155,135,175,131,1000,1000,218,131,10
168,206,142,79,188,1000,141,1000,155,135,1000,1000,1000,1000,218,131,11
168,206,142,79,188,1000,141,74,155,135,175,136,1000,1000,218,131,12
168,206,142,79,188,283,1000,1000,155,135,207,212,1000,1000,218,131,13
168,206,142,79,188,283,1000,74,155,135,175,212,1000,1000,218,131,14
168,206,142,79,188,283,141,1000,155,135,251,212,1000,1000,218,131,15
168,206,142,79,188,283,141,74,155,135,224,136,200,187,218,131,16
