166,248,188,38,1000,1000,1000,1000,165,185,1000,1000,1000,1000,167,182,1
166,248,188,38,1000,1000,1000,30,165,185,1000,1000,1000,1000,167,182,2
166,248,188,38,1000,1000,184,1000,165,185,1000,1000,1000,1000,167,182,3
166,248,188,38,1000,1000,184,30,165,185,173,182,1000,1000,167,182,4
166,248,188,38,1000,247,1000,1000,165,185,1000,1000,1000,1000,167,182,5
166,248,188,38,1000,247,1000,30,165,185,1000,1000,1000,1000,167,182,6
166,248,188,38,1000,247,184,1000,165,185,168,181,1000,1000,167,182,7
166,248,188,38,1000,247,184,30,165,185,168,182,1000,1000,167,182,8
166,248,188,38,166,1000,1000,1000,165,185,1000,1000,1000,1000,167,182,9
166,248,188,38,166,1000,1000,30,165,185,167,0,1000,1000,167,182,10
166,248,188,38,166,1000,184,1000,165,185,1000,1000,1000,1000,167,182,11
166,248,188,38,166,1000,184,30,165,185,167,182,1000,1000,167,182,12
166,248,188,38,166,247,1000,1000,165,185,174,184,1000,1000,167,182,13
166,248,188,38,166,247,1000,30,165,185,167,184,1000,1000,167,182,14
166,248,188,38,166,247,184,1000,165,185,168,184,1000,1000,167,182,15
166,248,188,38,166,247,184,30,165,185,168,182,167,183,167,182,16
166,248,188,38,1000,1000,1000,1000,165,185,1000,1000,1000,1000,174,122,1
166,248,188,38,1000,1000,1000,28,165,185,1000,1000,1000,1000,174,122,2
166,248,188,38,1000,1000,182,1000,165,185,1000,1000,1000,1000,174,122,3
166,248,188,38,1000,1000,182,28,165,185,181,181,1000,1000,174,122,4
166,248,188,38,1000,250,1000,1000,165,185,1000,1000,1000,1000,174,122,5
166,248,188,38,1000,250,1000,28,165,185,1000,1000,1000,1000,174,122,6
166,248,188,38,1000,250,182,1000,165,185,173,180,1000,1000,174,122,7
166,248,188,38,1000,250,182,28,165,185,173,181,1000,1000,174,122,8
166,248,188,38,278,1000,1000,1000,165,185,1000,1000,1000,1000,174,122,9
166,248,188,38,278,1000,1000,28,165,185,291,0,1000,1000,174,122,10
166,248,188,38,278,1000,182,1000,165,185,1000,1000,1000,1000,174,122,11
166,248,188,38,278,1000,182,28,165,185,291,181,1000,1000,174,122,12
166,248,188,38,278,250,1000,1000,165,185,210,63,1000,1000,174,122,13
166,248,188,38,278,250,1000,28,165,185,291,63,1000,1000,174,122,14
166,248,188,38,278,250,182,1000,165,185,173,63,1000,1000,174,122,15
166,248,188,38,278,250,182,28,165,185,174,122,252,102,174,122,16
166,248,188,38,1000,1000,1000,1000,165,185,1000,1000,1000,1000,169,184,1
166,248,188,38,1000,1000,1000,31,165,185,1000,1000,1000,1000,169,184,2
166,248,188,38,1000,1000,186,1000,165,185,1000,1000,1000,1000,169,184,3
166,248,188,38,1000,1000,186,31,165,185,173,184,1000,1000,169,184,4
166,248,188,38,1000,250,1000,1000,165,185,1000,1000,1000,1000,169,184,5
166,248,188,38,1000,250,1000,31,165,185,1000,1000,1000,1000,169,184,6
166,248,188,38,1000,250,186,1000,165,185,170,183,1000,1000,169,184,7
166,248,188,38,1000,250,186,31,165,185,170,184,1000,1000,169,184,8
166,248,188,38,166,1000,1000,1000,165,185,1000,1000,1000,1000,169,184,9
166,248,188,38,166,1000,1000,31,165,185,166,200,1000,1000,169,184,10
166,248,188,38,166,1000,186,1000,165,185,1000,1000,1000,1000,169,184,11
166,248,188,38,166,1000,186,31,165,185,166,184,1000,1000,169,184,12
166,248,188,38,166,250,1000,1000,165,185,177,187,1000,1000,169,184,13
166,248,188,38,166,250,1000,31,165,185,166,187,1000,1000,169,184,14
166,248,188,38,166,250,186,1000,165,185,170,187,1000,1000,169,184,15
166,248,188,38,166,250,186,31,165,185,170,184,168,186,169,184,16
166,248,188,38,1000,1000,1000,1000,165,185,1000,1000,1000,1000,169,182,1
166,248,188,38,1000,1000,1000,33,165,185,1000,1000,1000,1000,169,182,2
166,248,188,38,1000,1000,185,1000,165,185,1000,1000,1000,1000,169,182,3
166,248,188,38,1000,1000,185,33,165,185,173,183,1000,1000,169,182,4
166,248,188,38,1000,249,1000,1000,165,185,1000,1000,1000,1000,169,182,5
166,248,188,38,1000,249,1000,33,165,185,1000,1000,1000,1000,169,182,6
166,248,188,38,1000,249,185,1000,165,185,169,183,1000,1000,169,182,7
166,248,188,38,1000,249,185,33,165,185,169,183,1000,1000,169,182,8
166,248,188,38,168,1000,1000,1000,165,185,1000,1000,1000,1000,169,182,9
166,248,188,38,168,1000,1000,33,165,185,168,200,1000,1000,169,182,10
166,248,188,38,168,1000,185,1000,165,185,1000,1000,1000,1000,169,182,11
166,248,188,38,168,1000,185,33,165,185,168,183,1000,1000,169,182,12
166,248,188,38,168,249,1000,1000,165,185,176,184,1000,1000,169,182,13
166,248,188,38,168,249,1000,33,165,185,168,184,1000,1000,169,182,14
166,248,188,38,168,249,185,1000,165,185,169,184,1000,1000,169,182,15
166,248,188,38,168,249,185,33,165,185,169,183,168,184,169,182,16
166,248,188,38,1000,1000,1000,1000,165,185,1000,1000,1000,1000,167,184,1
166,248,188,38,1000,1000,1000,30,165,185,1000,1000,1000,1000,167,184,2
166,248,188,38,1000,1000,186,1000,165,185,1000,1000,1000,1000,167,184,3
166,248,188,38,1000,1000,186,30,165,185,173,184,1000,1000,167,184,4
166,248,188,38,1000,248,1000,1000,165,185,1000,1000,1000,1000,167,184,5
166,248,188,38,1000,248,1000,30,165,185,1000,1000,1000,1000,167,184,6
166,248,188,38,1000,248,186,1000,165,185,167,183,1000,1000,167,184,7
166,248,188,38,1000,248,186,30,165,185,167,184,1000,1000,167,184,8
166,248,188,38,168,1000,1000,1000,165,185,1000,1000,1000,1000,167,184,9
166,248,188,38,168,1000,1000,30,165,185,168,200,1000,1000,167,184,10
166,248,188,38,168,1000,186,1000,165,185,1000,1000,1000,1000,167,184,11
166,248,188,38,168,1000,186,30,165,185,168,184,1000,1000,167,184,12
166,248,188,38,168,248,1000,1000,165,185,175,183,1000,1000,167,184,13
166,248,188,38,168,248,1000,30,165,185,168,183,1000,1000,167,184,14
166,248,188,38,168,248,186,1000,165,185,167,183,1000,1000,167,184,15
166,248,188,38,168,248,186,30,165,185,167,184,168,184,167,184,16
166,248,188,38,1000,1000,1000,1000,165,185,1000,1000,1000,1000,167,184,1
166,248,188,38,1000,1000,1000,30,165,185,1000,1000,1000,1000,167,184,2
166,248,188,38,1000,1000,186,1000,165,185,1000,1000,1000,1000,167,184,3
166,248,188,38,1000,1000,186,30,165,185,173,184,1000,1000,167,184,4
166,248,188,38,1000,248,1000,1000,165,185,1000,1000,1000,1000,167,184,5
166,248,188,38,1000,248,1000,30,165,185,1000,1000,1000,1000,167,184,6
166,248,188,38,1000,248,186,1000,165,185,167,183,1000,1000,167,184,7
166,248,188,38,1000,248,186,30,165,185,167,184,1000,1000,167,184,8
166,248,188,38,166,1000,1000,1000,165,185,1000,1000,1000,1000,167,184,9
166,248,188,38,166,1000,1000,30,165,185,167,0,1000,1000,167,184,10
166,248,188,38,166,1000,186,1000,165,185,1000,1000,1000,1000,167,184,11
166,248,188,38,166,1000,186,30,165,185,167,184,1000,1000,167,184,12
166,248,188,38,166,248,1000,1000,165,185,175,185,1000,1000,167,184,13
166,248,188,38,166,248,1000,30,165,185,167,185,1000,1000,167,184,14
166,248,188,38,166,248,186,1000,165,185,167,185,1000,1000,167,184,15
166,248,188,38,166,248,186,30,165,185,167,184,167,185,167,184,16
166,248,188,38,1000,1000,1000,1000,165,185,1000,1000,1000,1000,169,115,1
166,248,188,38,1000,1000,1000,65479,165,185,1000,1000,1000,1000,169,115,2
166,248,188,38,1000,1000,65479,1000,165,185,1000,1000,1000,1000,169,115,3
166,248,188,38,1000,1000,65479,65479,165,185,1000,1000,1000,1000,169,115,4
166,248,188,38,1000,65479,1000,1000,165,185,1000,1000,1000,1000,169,115,5
166,248,188,38,1000,65479,1000,65479,165,185,1000,1000,1000,1000,169,115,6
166,248,188,38,1000,65479,65479,1000,165,185,1000,1000,1000,1000,169,115,7
166,248,188,38,1000,65479,65479,65479,165,185,1000,1000,1000,1000,169,115,8
166,248,188,38,65479,1000,1000,1000,165,185,1000,1000,1000,1000,169,115,9
166,248,188,38,65479,1000,1000,65479,165,185,1000,1000,1000,1000,169,115,10
166,248,188,38,65479,1000,65479,1000,165,185,1000,1000,1000,1000,169,115,11
166,248,188,38,65479,1000,65479,65479,165,185,1000,1000,1000,1000,169,115,12
166,248,188,38,65479,65479,1000,1000,165,185,1000,1000,1000,1000,169,115,13
166,248,188,38,65479,65479,1000,65479,165,185,1000,1000,1000,1000,169,115,14
166,248,188,38,65479,65479,65479,1000,165,185,1000,1000,1000,1000,169,115,15
166,248,188,38,65479,65479,65479,65479,165,185,1000,1000,1000,1000,169,115,16
166,248,188,38,1000,1000,1000,1000,165,185,1000,1000,1000,1000,171,183,1
166,248,188,38,1000,1000,1000,30,165,185,1000,1000,1000,1000,171,183,2
166,248,188,38,1000,1000,185,1000,165,185,1000,1000,1000,1000,171,183,3
166,248,188,38,1000,1000,185,30,165,185,173,183,1000,1000,171,183,4
166,248,188,38,1000,251,1000,1000,165,185,1000,1000,1000,1000,171,183,5
166,248,188,38,1000,251,1000,30,165,185,1000,1000,1000,1000,171,183,6
166,248,188,38,1000,251,185,1000,165,185,172,183,1000,1000,171,183,7
166,248,188,38,1000,251,185,30,165,185,172,183,1000,1000,171,183,8
166,248,188,38,167,1000,1000,1000,165,185,1000,1000,1000,1000,171,183,9
166,248,188,38,167,1000,1000,30,165,185,167,200,1000,1000,171,183,10
166,248,188,38,167,1000,185,1000,165,185,1000,1000,1000,1000,171,183,11
166,248,188,38,167,1000,185,30,165,185,167,183,1000,1000,171,183,12
166,248,188,38,167,251,1000,1000,165,185,178,188,1000,1000,171,183,13
166,248,188,38,167,251,1000,30,165,185,167,188,1000,1000,171,183,14
166,248,188,38,167,251,185,1000,165,185,172,188,1000,1000,171,183,15
166,248,188,38,167,251,185,30,165,185,172,183,169,186,171,183,16
166,248,188,38,1000,1000,1000,1000,165,185,1000,1000,1000,1000,168,180,1
166,248,188,38,1000,1000,1000,30,165,185,1000,1000,1000,1000,168,180,2
166,248,188,38,1000,1000,182,1000,165,185,1000,1000,1000,1000,168,180,3
166,248,188,38,1000,1000,182,30,165,185,181,181,1000,1000,168,180,4
166,248,188,38,1000,246,1000,1000,165,185,1000,1000,1000,1000,168,180,5
166,248,188,38,1000,246,1000,30,165,185,1000,1000,1000,1000,168,180,6
166,248,188,38,1000,246,182,1000,165,185,168,180,1000,1000,168,180,7
166,248,188,38,1000,246,182,30,165,185,168,181,1000,1000,168,180,8
166,248,188,38,162,1000,1000,1000,165,185,1000,1000,1000,1000,168,180,9
166,248,188,38,162,1000,1000,30,165,185,163,0,1000,1000,168,180,10
166,248,188,38,162,1000,182,1000,165,185,1000,1000,1000,1000,168,180,11
166,248,188,38,162,1000,182,30,165,185,163,181,1000,1000,168,180,12
166,248,188,38,162,246,1000,1000,165,185,174,186,1000,1000,168,180,13
166,248,188,38,162,246,1000,30,165,185,163,186,1000,1000,168,180,14
166,248,188,38,162,246,182,1000,165,185,168,186,1000,1000,168,180,15
166,248,188,38,162,246,182,30,165,185,168,181,165,184,168,180,16
166,248,188,38,1000,1000,1000,1000,165,185,1000,1000,1000,1000,165,183,1
166,248,188,38,1000,1000,1000,29,165,185,1000,1000,1000,1000,165,183,2
166,248,188,38,1000,1000,185,1000,165,185,1000,1000,1000,1000,165,183,3
166,248,188,38,1000,1000,185,29,165,185,173,183,1000,1000,165,183,4
166,248,188,38,1000,246,1000,1000,165,185,1000,1000,1000,1000,165,183,5
166,248,188,38,1000,246,1000,29,165,185,1000,1000,1000,1000,165,183,6
166,248,188,38,1000,246,185,1000,165,185,166,182,1000,1000,165,183,7
166,248,188,38,1000,246,185,29,165,185,166,183,1000,1000,165,183,8
166,248,188,38,162,1000,1000,1000,165,185,1000,1000,1000,1000,165,183,9
166,248,188,38,162,1000,1000,29,165,185,164,0,1000,1000,165,183,10
166,248,188,38,162,1000,185,1000,165,185,1000,1000,1000,1000,165,183,11
166,248,188,38,162,1000,185,29,165,185,164,183,1000,1000,165,183,12
166,248,188,38,162,246,1000,1000,165,185,173,186,1000,1000,165,183,13
166,248,188,38,162,246,1000,29,165,185,164,186,1000,1000,165,183,14
166,248,188,38,162,246,185,1000,165,185,166,186,1000,1000,165,183,15
166,248,188,38,162,246,185,29,165,185,166,183,164,185,165,183,16
166,248,188,38,1000,1000,1000,1000,165,185,1000,1000,1000,1000,168,183,1
166,248,188,38,1000,1000,1000,28,165,185,1000,1000,1000,1000,168,183,2
166,248,188,38,1000,1000,185,1000,165,185,1000,1000,1000,1000,168,183,3
166,248,188,38,1000,1000,185,28,165,185,181,184,1000,1000,168,183,4
166,248,188,38,1000,248,1000,1000,165,185,1000,1000,1000,1000,168,183,5
166,248,188,38,1000,248,1000,28,165,185,1000,1000,1000,1000,168,183,6
166,248,188,38,1000,248,185,1000,165,185,168,182,1000,1000,168,183,7
166,248,188,38,1000,248,185,28,165,185,168,184,1000,1000,168,183,8
166,248,188,38,162,1000,1000,1000,165,185,1000,1000,1000,1000,168,183,9
166,248,188,38,162,1000,1000,28,165,185,164,0,1000,1000,168,183,10
166,248,188,38,162,1000,185,1000,165,185,1000,1000,1000,1000,168,183,11
166,248,188,38,162,1000,185,28,165,185,164,184,1000,1000,168,183,12
166,248,188,38,162,248,1000,1000,165,185,175,188,1000,1000,168,183,13
166,248,188,38,162,248,1000,28,165,185,164,188,1000,1000,168,183,14
166,248,188,38,162,248,185,1000,165,185,168,188,1000,1000,168,183,15
166,248,188,38,162,248,185,28,165,185,168,184,165,187,168,183,16
166,248,188,38,1000,1000,1000,1000,165,185,1000,1000,1000,1000,169,185,1
166,248,188,38,1000,1000,1000,32,165,185,1000,1000,1000,1000,169,185,2
166,248,188,38,1000,1000,188,1000,165,185,1000,1000,1000,1000,169,185,3
166,248,188,38,1000,1000,188,32,165,185,173,186,1000,1000,169,185,4
166,248,188,38,1000,251,1000,1000,165,185,1000,1000,1000,1000,169,185,5
166,248,188,38,1000,251,1000,32,165,185,1000,1000,1000,1000,169,185,6
166,248,188,38,1000,251,188,1000,165,185,169,186,1000,1000,169,185,7
166,248,188,38,1000,251,188,32,165,185,169,186,1000,1000,169,185,8
166,248,188,38,166,1000,1000,1000,165,185,1000,1000,1000,1000,169,185,9
166,248,188,38,166,1000,1000,32,165,185,166,200,1000,1000,169,185,10
166,248,188,38,166,1000,188,1000,165,185,1000,1000,1000,1000,169,185,11
166,248,188,38,166,1000,188,32,165,185,166,186,1000,1000,169,185,12
166,248,188,38,166,251,1000,1000,165,185,178,189,1000,1000,169,185,13
166,248,188,38,166,251,1000,32,165,185,166,189,1000,1000,169,185,14
166,248,188,38,166,251,188,1000,165,185,169,189,1000,1000,169,185,15
166,248,188,38,166,251,188,32,165,185,169,186,167,188,169,185,16
166,248,188,38,1000,1000,1000,1000,165,185,1000,1000,1000,1000,166,185,1
166,248,188,38,1000,1000,1000,31,165,185,1000,1000,1000,1000,166,185,2
166,248,188,38,1000,1000,189,1000,165,185,1000,1000,1000,1000,166,185,3
166,248,188,38,1000,1000,189,31,165,185,173,187,1000,1000,166,185,4
166,248,188,38,1000,249,1000,1000,165,185,1000,1000,1000,1000,166,185,5
166,248,188,38,1000,249,1000,31,165,185,1000,1000,1000,1000,166,185,6
166,248,188,38,1000,249,189,1000,165,185,166,186,1000,1000,166,185,7
166,248,188,38,1000,249,189,31,165,185,166,187,1000,1000,166,185,8
166,248,188,38,172,1000,1000,1000,165,185,1000,1000,1000,1000,166,185,9
166,248,188,38,172,1000,1000,31,165,185,172,200,1000,1000,166,185,10
166,248,188,38,172,1000,189,1000,165,185,1000,1000,1000,1000,166,185,11
166,248,188,38,172,1000,189,31,165,185,172,187,1000,1000,166,185,12
166,248,188,38,172,249,1000,1000,165,185,176,181,1000,1000,166,185,13
166,248,188,38,172,249,1000,31,165,185,172,181,1000,1000,166,185,14
166,248,188,38,172,249,189,1000,165,185,166,181,1000,1000,166,185,15
166,248,188,38,172,249,189,31,165,185,166,185,170,183,166,185,16
166,248,188,38,1000,1000,1000,1000,165,185,1000,1000,1000,1000,166,184,1
166,248,188,38,1000,1000,1000,29,165,185,1000,1000,1000,1000,166,184,2
166,248,188,38,1000,1000,186,1000,165,185,1000,1000,1000,1000,166,184,3
166,248,188,38,1000,1000,186,29,165,185,173,184,1000,1000,166,184,4
166,248,188,38,1000,247,1000,1000,165,185,1000,1000,1000,1000,166,184,5
166,248,188,38,1000,247,1000,29,165,185,1000,1000,1000,1000,166,184,6
166,248,188,38,1000,247,186,1000,165,185,166,183,1000,1000,166,184,7
166,248,188,38,1000,247,186,29,165,185,166,184,1000,1000,166,184,8
166,248,188,38,166,1000,1000,1000,165,185,1000,1000,1000,1000,166,184,9
166,248,188,38,166,1000,1000,29,165,185,167,0,1000,1000,166,184,10
166,248,188,38,166,1000,186,1000,165,185,1000,1000,1000,1000,166,184,11
166,248,188,38,166,1000,186,29,165,185,167,184,1000,1000,166,184,12
166,248,188,38,166,247,1000,1000,165,185,174,184,1000,1000,166,184,13
166,248,188,38,166,247,1000,29,165,185,167,184,1000,1000,166,184,14
166,248,188,38,166,247,186,1000,165,185,166,184,1000,1000,166,184,15
166,248,188,38,166,247,186,29,165,185,166,184,167,184,166,184,16
166,248,188,38,1000,1000,1000,1000,165,185,1000,1000,1000,1000,169,184,1
166,248,188,38,1000,1000,1000,30,165,185,1000,1000,1000,1000,169,184,2
166,248,188,38,1000,1000,186,1000,165,185,1000,1000,1000,1000,169,184,3
166,248,188,38,1000,1000,186,30,165,185,173,184,1000,1000,169,184,4
166,248,188,38,1000,250,1000,1000,165,185,1000,1000,1000,1000,169,184,5
166,248,188,38,1000,250,1000,30,165,185,1000,1000,1000,1000,169,184,6
166,248,188,38,1000,250,186,1000,165,185,170,183,1000,1000,169,184,7
166,248,188,38,1000,250,186,30,165,185,170,184,1000,1000,169,184,8
166,248,188,38,166,1000,1000,1000,165,185,1000,1000,1000,1000,169,184,9
166,248,188,38,166,1000,1000,30,165,185,167,0,1000,1000,169,184,10
166,248,188,38,166,1000,186,1000,165,185,1000,1000,1000,1000,169,184,11
166,248,188,38,166,1000,186,30,165,185,167,184,1000,1000,169,184,12
166,248,188,38,166,250,1000,1000,165,185,177,187,1000,1000,169,184,13
166,248,188,38,166,250,1000,30,165,185,167,187,1000,1000,169,184,14
166,248,188,38,166,250,186,1000,165,185,170,187,1000,1000,169,184,15
166,248,188,38,166,250,186,30,165,185,170,184,168,186,169,184,16
166,248,188,38,1000,1000,1000,1000,165,185,1000,1000,1000,1000,166,182,1
166,248,188,38,1000,1000,1000,29,165,185,1000,1000,1000,1000,166,182,2
166,248,188,38,1000,1000,184,1000,165,185,1000,1000,1000,1000,166,182,3
166,248,188,38,1000,1000,184,29,165,185,181,183,1000,1000,166,182,4
166,248,188,38,1000,246,1000,1000,165,185,1000,1000,1000,1000,166,182,5
166,248,188,38,1000,246,1000,29,165,185,1000,1000,1000,1000,166,182,6
166,248,188,38,1000,246,184,1000,165,185,167,181,1000,1000,166,182,7
166,248,188,38,1000,246,184,29,165,185,167,183,1000,1000,166,182,8
166,248,188,38,166,1000,1000,1000,165,185,1000,1000,1000,1000,166,182,9
166,248,188,38,166,1000,1000,29,165,185,167,0,1000,1000,166,182,10
166,248,188,38,166,1000,184,1000,165,185,1000,1000,1000,1000,166,182,11
166,248,188,38,166,1000,184,29,165,185,167,183,1000,1000,166,182,12
166,248,188,38,166,246,1000,1000,165,185,174,182,1000,1000,166,182,13
166,248,188,38,166,246,1000,29,165,185,167,182,1000,1000,166,182,14
166,248,188,38,166,246,184,1000,165,185,167,182,1000,1000,166,182,15
166,248,188,38,166,246,184,29,165,185,167,183,167,182,166,182,16
166,248,188,38,1000,1000,1000,1000,165,185,1000,1000,1000,1000,166,183,1
166,248,188,38,1000,1000,1000,29,165,185,1000,1000,1000,1000,166,183,2
166,248,188,38,1000,1000,185,1000,165,185,1000,1000,1000,1000,166,183,3
166,248,188,38,1000,1000,185,29,165,185,173,183,1000,1000,166,183,4
166,248,188,38,1000,247,1000,1000,165,185,1000,1000,1000,1000,166,183,5
166,248,188,38,1000,247,1000,29,165,185,1000,1000,1000,1000,166,183,6
166,248,188,38,1000,247,185,1000,165,185,167,182,1000,1000,166,183,7
166,248,188,38,1000,247,185,29,165,185,167,183,1000,1000,166,183,8
166,248,188,38,165,1000,1000,1000,165,185,1000,1000,1000,1000,166,183,9
166,248,188,38,165,1000,1000,29,165,185,166,0,1000,1000,166,183,10
166,248,188,38,165,1000,185,1000,165,185,1000,1000,1000,1000,166,183,11
166,248,188,38,165,1000,185,29,165,185,166,183,1000,1000,166,183,12
166,248,188,38,165,247,1000,1000,165,185,175,184,1000,1000,166,183,13
166,248,188,38,165,247,1000,29,165,185,166,184,1000,1000,166,183,14
166,248,188,38,165,247,185,1000,165,185,167,184,1000,1000,166,183,15
166,248,188,38,165,247,185,29,165,185,167,184,166,184,166,183,16
166,248,188,38,1000,1000,1000,1000,165,185,1000,1000,1000,1000,170,184,1
166,248,188,38,1000,1000,1000,31,165,185,1000,1000,1000,1000,170,184,2
166,248,188,38,1000,1000,186,1000,165,185,1000,1000,1000,1000,170,184,3
166,248,188,38,1000,1000,186,31,165,185,173,184,1000,1000,170,184,4
166,248,188,38,1000,251,1000,1000,165,185,1000,1000,1000,1000,170,184,5
166,248,188,38,1000,251,1000,31,165,185,1000,1000,1000,1000,170,184,6
166,248,188,38,1000,251,186,1000,165,185,171,184,1000,1000,170,184,7
166,248,188,38,1000,251,186,31,165,185,171,184,1000,1000,170,184,8
166,248,188,38,167,1000,1000,1000,165,185,1000,1000,1000,1000,170,184,9
166,248,188,38,167,1000,1000,31,165,185,167,200,1000,1000,170,184,10
166,248,188,38,167,1000,186,1000,165,185,1000,1000,1000,1000,170,184,11
166,248,188,38,167,1000,186,31,165,185,167,184,1000,1000,170,184,12
166,248,188,38,167,251,1000,1000,165,185,178,188,1000,1000,170,184,13
166,248,188,38,167,251,1000,31,165,185,167,188,1000,1000,170,184,14
166,248,188,38,167,251,186,1000,165,185,171,188,1000,1000,170,184,15
166,248,188,38,167,251,186,31,165,185,171,184,169,187,170,184,16
166,248,188,38,1000,1000,1000,1000,165,185,1000,1000,1000,1000,165,183,1
166,248,188,38,1000,1000,1000,31,165,185,1000,1000,1000,1000,165,183,2
166,248,188,38,1000,1000,185,1000,165,185,1000,1000,1000,1000,165,183,3
166,248,188,38,1000,1000,185,31,165,185,173,183,1000,1000,165,183,4
166,248,188,38,1000,246,1000,1000,165,185,1000,1000,1000,1000,165,183,5
166,248,188,38,1000,246,1000,31,165,185,1000,1000,1000,1000,165,183,6
166,248,188,38,1000,246,185,1000,165,185,166,182,1000,1000,165,183,7
166,248,188,38,1000,246,185,31,165,185,166,183,1000,1000,165,183,8
166,248,188,38,164,1000,1000,1000,165,185,1000,1000,1000,1000,165,183,9
166,248,188,38,164,1000,1000,31,165,185,165,0,1000,1000,165,183,10
166,248,188,38,164,1000,185,1000,165,185,1000,1000,1000,1000,165,183,11
166,248,188,38,164,1000,185,31,165,185,165,183,1000,1000,165,183,12
166,248,188,38,164,246,1000,1000,165,185,174,184,1000,1000,165,183,13
166,248,188,38,164,246,1000,31,165,185,165,184,1000,1000,165,183,14
166,248,188,38,164,246,185,1000,165,185,166,184,1000,1000,165,183,15
166,248,188,38,164,246,185,31,165,185,166,183,165,184,165,183,16
166,248,188,38,1000,1000,1000,1000,165,185,1000,1000,1000,1000,166,185,1
166,248,188,38,1000,1000,1000,33,165,185,1000,1000,1000,1000,166,185,2
166,248,188,38,1000,1000,188,1000,165,185,1000,1000,1000,1000,166,185,3
166,248,188,38,1000,1000,188,33,165,185,173,186,1000,1000,166,185,4
166,248,188,38,1000,249,1000,1000,165,185,1000,1000,1000,1000,166,185,5
166,248,188,38,1000,249,1000,33,165,185,1000,1000,1000,1000,166,185,6
166,248,188,38,1000,249,188,1000,165,185,167,185,1000,1000,166,185,7
166,248,188,38,1000,249,188,33,165,185,167,186,1000,1000,166,185,8
166,248,188,38,166,1000,1000,1000,165,185,1000,1000,1000,1000,166,185,9
166,248,188,38,166,1000,1000,33,165,185,166,200,1000,1000,166,185,10
166,248,188,38,166,1000,188,1000,165,185,1000,1000,1000,1000,166,185,11
166,248,188,38,166,1000,188,33,165,185,166,186,1000,1000,166,185,12
166,248,188,38,166,249,1000,1000,165,185,176,186,1000,1000,166,185,13
166,248,188,38,166,249,1000,33,165,185,166,186,1000,1000,166,185,14
166,248,188,38,166,249,188,1000,165,185,167,186,1000,1000,166,185,15
166,248,188,38,166,249,188,33,165,185,167,186,166,186,166,185,16
