187,255,176,29,1000,1000,1000,1000,185,175,1000,1000,1000,1000,186,172,1
187,255,176,29,1000,1000,1000,65479,185,175,1000,1000,1000,1000,186,172,2
187,255,176,29,1000,1000,175,1000,185,175,1000,1000,1000,1000,186,172,3
187,255,176,29,1000,1000,175,65479,185,175,1000,1000,1000,1000,186,172,4
187,255,176,29,1000,255,1000,1000,185,175,1000,1000,1000,1000,186,172,5
187,255,176,29,1000,255,1000,65479,185,175,1000,1000,1000,1000,186,172,6
187,255,176,29,1000,255,175,1000,185,175,186,174,1000,1000,186,172,7
187,255,176,29,1000,255,175,65479,185,175,186,174,1000,1000,186,172,8
187,255,176,29,190,1000,1000,1000,185,175,1000,1000,1000,1000,186,172,9
187,255,176,29,190,1000,1000,65479,185,175,1000,1000,1000,1000,186,172,10
187,255,176,29,190,1000,175,1000,185,175,1000,1000,1000,1000,186,172,11
187,255,176,29,190,1000,175,65479,185,175,1000,1000,1000,1000,186,172,12
187,255,176,29,190,255,1000,1000,185,175,0,172,1000,1000,186,172,13
187,255,176,29,190,255,1000,65479,185,175,255,172,1000,1000,186,172,14
187,255,176,29,190,255,175,1000,185,175,186,172,1000,1000,186,172,15
187,255,176,29,190,255,175,65479,185,175,186,172,1000,1000,186,172,16
187,255,176,29,1000,1000,1000,1000,185,175,1000,1000,1000,1000,182,172,1
187,255,176,29,1000,1000,1000,65479,185,175,1000,1000,1000,1000,182,172,2
187,255,176,29,1000,1000,176,1000,185,175,1000,1000,1000,1000,182,172,3
187,255,176,29,1000,1000,176,65479,185,175,1000,1000,1000,1000,182,172,4
187,255,176,29,1000,253,1000,1000,185,175,1000,1000,1000,1000,182,172,5
187,255,176,29,1000,253,1000,65479,185,175,1000,1000,1000,1000,182,172,6
187,255,176,29,1000,253,176,1000,185,175,183,175,1000,1000,182,172,7
187,255,176,29,1000,253,176,65479,185,175,183,175,1000,1000,182,172,8
187,255,176,29,187,1000,1000,1000,185,175,1000,1000,1000,1000,182,172,9
187,255,176,29,187,1000,1000,65479,185,175,1000,1000,1000,1000,182,172,10
187,255,176,29,187,1000,176,1000,185,175,1000,1000,1000,1000,182,172,11
187,255,176,29,187,1000,176,65479,185,175,1000,1000,1000,1000,182,172,12
187,255,176,29,187,253,1000,1000,185,175,0,173,1000,1000,182,172,13
187,255,176,29,187,253,1000,65479,185,175,253,173,1000,1000,182,172,14
187,255,176,29,187,253,176,1000,185,175,183,173,1000,1000,182,172,15
187,255,176,29,187,253,176,65479,185,175,183,173,1000,1000,182,172,16
187,255,176,29,1000,1000,1000,1000,185,175,1000,1000,1000,1000,182,170,1
187,255,176,29,1000,1000,1000,65479,185,175,1000,1000,1000,1000,182,170,2
187,255,176,29,1000,1000,177,1000,185,175,1000,1000,1000,1000,182,170,3
187,255,176,29,1000,1000,177,65479,185,175,1000,1000,1000,1000,182,170,4
187,255,176,29,1000,254,1000,1000,185,175,1000,1000,1000,1000,182,170,5
187,255,176,29,1000,254,1000,65479,185,175,1000,1000,1000,1000,182,170,6
187,255,176,29,1000,254,177,1000,185,175,183,176,1000,1000,182,170,7
187,255,176,29,1000,254,177,65479,185,175,183,176,1000,1000,182,170,8
187,255,176,29,191,1000,1000,1000,185,175,1000,1000,1000,1000,182,170,9
187,255,176,29,191,1000,1000,65479,185,175,1000,1000,1000,1000,182,170,10
187,255,176,29,191,1000,177,1000,185,175,1000,1000,1000,1000,182,170,11
187,255,176,29,191,1000,177,65479,185,175,1000,1000,1000,1000,182,170,12
187,255,176,29,191,254,1000,1000,185,175,0,170,1000,1000,182,170,13
187,255,176,29,191,254,1000,65479,185,175,254,170,1000,1000,182,170,14
187,255,176,29,191,254,177,1000,185,175,183,170,1000,1000,182,170,15
187,255,176,29,191,254,177,65479,185,175,183,170,1000,1000,182,170,16
187,255,176,29,1000,1000,1000,1000,185,175,1000,1000,1000,1000,185,171,1
187,255,176,29,1000,1000,1000,65479,185,175,1000,1000,1000,1000,185,171,2
187,255,176,29,1000,1000,174,1000,185,175,1000,1000,1000,1000,185,171,3
187,255,176,29,1000,1000,174,65479,185,175,1000,1000,1000,1000,185,171,4
187,255,176,29,1000,254,1000,1000,185,175,1000,1000,1000,1000,185,171,5
187,255,176,29,1000,254,1000,65479,185,175,1000,1000,1000,1000,185,171,6
187,255,176,29,1000,254,174,1000,185,175,186,173,1000,1000,185,171,7
187,255,176,29,1000,254,174,65479,185,175,186,173,1000,1000,185,171,8
187,255,176,29,190,1000,1000,1000,185,175,1000,1000,1000,1000,185,171,9
187,255,176,29,190,1000,1000,65479,185,175,1000,1000,1000,1000,185,171,10
187,255,176,29,190,1000,174,1000,185,175,1000,1000,1000,1000,185,171,11
187,255,176,29,190,1000,174,65479,185,175,1000,1000,1000,1000,185,171,12
187,255,176,29,190,254,1000,1000,185,175,0,171,1000,1000,185,171,13
187,255,176,29,190,254,1000,65479,185,175,254,171,1000,1000,185,171,14
187,255,176,29,190,254,174,1000,185,175,186,171,1000,1000,185,171,15
187,255,176,29,190,254,174,65479,185,175,186,171,1000,1000,185,171,16
187,255,176,29,1000,1000,1000,1000,185,175,1000,1000,1000,1000,175,170,1
187,255,176,29,1000,1000,1000,65479,185,175,1000,1000,1000,1000,175,170,2
187,255,176,29,1000,1000,184,1000,185,175,1000,1000,1000,1000,175,170,3
187,255,176,29,1000,1000,184,65479,185,175,1000,1000,1000,1000,175,170,4
187,255,176,29,1000,253,1000,1000,185,175,1000,1000,1000,1000,175,170,5
187,255,176,29,1000,253,1000,65479,185,175,1000,1000,1000,1000,175,170,6
187,255,176,29,1000,253,184,1000,185,175,175,183,1000,1000,175,170,7
187,255,176,29,1000,253,184,65479,185,175,175,183,1000,1000,175,170,8
187,255,176,29,189,1000,1000,1000,185,175,1000,1000,1000,1000,175,170,9
187,255,176,29,189,1000,1000,65479,185,175,1000,1000,1000,1000,175,170,10
187,255,176,29,189,1000,184,1000,185,175,1000,1000,1000,1000,175,170,11
187,255,176,29,189,1000,184,65479,185,175,1000,1000,1000,1000,175,170,12
187,255,176,29,189,253,1000,1000,185,175,0,171,1000,1000,175,170,13
187,255,176,29,189,253,1000,65479,185,175,253,171,1000,1000,175,170,14
187,255,176,29,189,253,184,1000,185,175,175,171,1000,1000,175,170,15
187,255,176,29,189,253,184,65479,185,175,175,171,1000,1000,175,170,16
187,255,176,29,1000,1000,1000,1000,185,175,1000,1000,1000,1000,188,176,1
187,255,176,29,1000,1000,1000,65479,185,175,1000,1000,1000,1000,188,176,2
187,255,176,29,1000,1000,174,1000,185,175,1000,1000,1000,1000,188,176,3
187,255,176,29,1000,1000,174,65479,185,175,1000,1000,1000,1000,188,176,4
187,255,176,29,1000,256,1000,1000,185,175,1000,1000,1000,1000,188,176,5
187,255,176,29,1000,256,1000,65479,185,175,1000,1000,1000,1000,188,176,6
187,255,176,29,1000,256,174,1000,185,175,188,174,1000,1000,188,176,7
187,255,176,29,1000,256,174,65479,185,175,188,174,1000,1000,188,176,8
187,255,176,29,187,1000,1000,1000,185,175,1000,1000,1000,1000,188,176,9
187,255,176,29,187,1000,1000,65479,185,175,1000,1000,1000,1000,188,176,10
187,255,176,29,187,1000,174,1000,185,175,1000,1000,1000,1000,188,176,11
187,255,176,29,187,1000,174,65479,185,175,1000,1000,1000,1000,188,176,12
187,255,176,29,187,256,1000,1000,185,175,0,176,1000,1000,188,176,13
187,255,176,29,187,256,1000,65479,185,175,256,176,1000,1000,188,176,14
187,255,176,29,187,256,174,1000,185,175,188,176,1000,1000,188,176,15
187,255,176,29,187,256,174,65479,185,175,188,176,1000,1000,188,176,16
187,255,176,29,1000,1000,1000,1000,185,175,1000,1000,1000,1000,185,171,1
187,255,176,29,1000,1000,1000,65479,185,175,1000,1000,1000,1000,185,171,2
187,255,176,29,1000,1000,174,1000,185,175,1000,1000,1000,1000,185,171,3
187,255,176,29,1000,1000,174,65479,185,175,1000,1000,1000,1000,185,171,4
187,255,176,29,1000,254,1000,1000,185,175,1000,1000,1000,1000,185,171,5
187,255,176,29,1000,254,1000,65479,185,175,1000,1000,1000,1000,185,171,6
187,255,176,29,1000,254,174,1000,185,175,186,173,1000,1000,185,171,7
187,255,176,29,1000,254,174,65479,185,175,186,173,1000,1000,185,171,8
187,255,176,29,190,1000,1000,1000,185,175,1000,1000,1000,1000,185,171,9
187,255,176,29,190,1000,1000,65479,185,175,1000,1000,1000,1000,185,171,10
187,255,176,29,190,1000,174,1000,185,175,1000,1000,1000,1000,185,171,11
187,255,176,29,190,1000,174,65479,185,175,1000,1000,1000,1000,185,171,12
187,255,176,29,190,254,1000,1000,185,175,0,171,1000,1000,185,171,13
187,255,176,29,190,254,1000,65479,185,175,254,171,1000,1000,185,171,14
187,255,176,29,190,254,174,1000,185,175,186,171,1000,1000,185,171,15
187,255,176,29,190,254,174,65479,185,175,186,171,1000,1000,185,171,16
187,255,176,29,1000,1000,1000,1000,185,175,1000,1000,1000,1000,185,174,1
187,255,176,29,1000,1000,1000,65479,185,175,1000,1000,1000,1000,185,174,2
187,255,176,29,1000,1000,177,1000,185,175,1000,1000,1000,1000,185,174,3
187,255,176,29,1000,1000,177,65479,185,175,1000,1000,1000,1000,185,174,4
187,255,176,29,1000,256,1000,1000,185,175,1000,1000,1000,1000,185,174,5
187,255,176,29,1000,256,1000,65479,185,175,1000,1000,1000,1000,185,174,6
187,255,176,29,1000,256,177,1000,185,175,186,176,1000,1000,185,174,7
187,255,176,29,1000,256,177,65479,185,175,186,176,1000,1000,185,174,8
187,255,176,29,189,1000,1000,1000,185,175,1000,1000,1000,1000,185,174,9
187,255,176,29,189,1000,1000,65479,185,175,1000,1000,1000,1000,185,174,10
187,255,176,29,189,1000,177,1000,185,175,1000,1000,1000,1000,185,174,11
187,255,176,29,189,1000,177,65479,185,175,1000,1000,1000,1000,185,174,12
187,255,176,29,189,256,1000,1000,185,175,0,175,1000,1000,185,174,13
187,255,176,29,189,256,1000,65479,185,175,256,175,1000,1000,185,174,14
187,255,176,29,189,256,177,1000,185,175,186,175,1000,1000,185,174,15
187,255,176,29,189,256,177,65479,185,175,186,175,1000,1000,185,174,16
187,255,176,29,1000,1000,1000,1000,185,175,1000,1000,1000,1000,185,174,1
187,255,176,29,1000,1000,1000,65479,185,175,1000,1000,1000,1000,185,174,2
187,255,176,29,1000,1000,174,1000,185,175,1000,1000,1000,1000,185,174,3
187,255,176,29,1000,1000,174,65479,185,175,1000,1000,1000,1000,185,174,4
187,255,176,29,1000,254,1000,1000,185,175,1000,1000,1000,1000,185,174,5
187,255,176,29,1000,254,1000,65479,185,175,1000,1000,1000,1000,185,174,6
187,255,176,29,1000,254,174,1000,185,175,186,173,1000,1000,185,174,7
187,255,176,29,1000,254,174,65479,185,175,186,173,1000,1000,185,174,8
187,255,176,29,186,1000,1000,1000,185,175,1000,1000,1000,1000,185,174,9
187,255,176,29,186,1000,1000,65479,185,175,1000,1000,1000,1000,185,174,10
187,255,176,29,186,1000,174,1000,185,175,1000,1000,1000,1000,185,174,11
187,255,176,29,186,1000,174,65479,185,175,1000,1000,1000,1000,185,174,12
187,255,176,29,186,254,1000,1000,185,175,0,175,1000,1000,185,174,13
187,255,176,29,186,254,1000,65479,185,175,254,175,1000,1000,185,174,14
187,255,176,29,186,254,174,1000,185,175,186,175,1000,1000,185,174,15
187,255,176,29,186,254,174,65479,185,175,186,175,1000,1000,185,174,16
187,255,176,29,1000,1000,1000,1000,185,175,1000,1000,1000,1000,185,169,1
187,255,176,29,1000,1000,1000,65479,185,175,1000,1000,1000,1000,185,169,2
187,255,176,29,1000,1000,173,1000,185,175,1000,1000,1000,1000,185,169,3
187,255,176,29,1000,1000,173,65479,185,175,1000,1000,1000,1000,185,169,4
187,255,176,29,1000,253,1000,1000,185,175,1000,1000,1000,1000,185,169,5
187,255,176,29,1000,253,1000,65479,185,175,1000,1000,1000,1000,185,169,6
187,255,176,29,1000,253,173,1000,185,175,185,173,1000,1000,185,169,7
187,255,176,29,1000,253,173,65479,185,175,185,173,1000,1000,185,169,8
187,255,176,29,190,1000,1000,1000,185,175,1000,1000,1000,1000,185,169,9
187,255,176,29,190,1000,1000,65479,185,175,1000,1000,1000,1000,185,169,10
187,255,176,29,190,1000,173,1000,185,175,1000,1000,1000,1000,185,169,11
187,255,176,29,190,1000,173,65479,185,175,1000,1000,1000,1000,185,169,12
187,255,176,29,190,253,1000,1000,185,175,0,170,1000,1000,185,169,13
187,255,176,29,190,253,1000,65479,185,175,253,170,1000,1000,185,169,14
187,255,176,29,190,253,173,1000,185,175,185,170,1000,1000,185,169,15
187,255,176,29,190,253,173,65479,185,175,185,170,1000,1000,185,169,16
187,255,176,29,1000,1000,1000,1000,185,175,1000,1000,1000,1000,183,170,1
187,255,176,29,1000,1000,1000,65479,185,175,1000,1000,1000,1000,183,170,2
187,255,176,29,1000,1000,174,1000,185,175,1000,1000,1000,1000,183,170,3
187,255,176,29,1000,1000,174,65479,185,175,1000,1000,1000,1000,183,170,4
187,255,176,29,1000,252,1000,1000,185,175,1000,1000,1000,1000,183,170,5
187,255,176,29,1000,252,1000,65479,185,175,1000,1000,1000,1000,183,170,6
187,255,176,29,1000,252,174,1000,185,175,183,173,1000,1000,183,170,7
187,255,176,29,1000,252,174,65479,185,175,183,173,1000,1000,183,170,8
187,255,176,29,188,1000,1000,1000,185,175,1000,1000,1000,1000,183,170,9
187,255,176,29,188,1000,1000,65479,185,175,1000,1000,1000,1000,183,170,10
187,255,176,29,188,1000,174,1000,185,175,1000,1000,1000,1000,183,170,11
187,255,176,29,188,1000,174,65479,185,175,1000,1000,1000,1000,183,170,12
187,255,176,29,188,252,1000,1000,185,175,0,170,1000,1000,183,170,13
187,255,176,29,188,252,1000,65479,185,175,252,170,1000,1000,183,170,14
187,255,176,29,188,252,174,1000,185,175,183,170,1000,1000,183,170,15
187,255,176,29,188,252,174,65479,185,175,183,170,1000,1000,183,170,16
187,255,176,29,1000,1000,1000,1000,185,175,1000,1000,1000,1000,184,172,1
187,255,176,29,1000,1000,1000,65479,185,175,1000,1000,1000,1000,184,172,2
187,255,176,29,1000,1000,172,1000,185,175,1000,1000,1000,1000,184,172,3
187,255,176,29,1000,1000,172,65479,185,175,1000,1000,1000,1000,184,172,4
187,255,176,29,1000,252,1000,1000,185,175,1000,1000,1000,1000,184,172,5
187,255,176,29,1000,252,1000,65479,185,175,1000,1000,1000,1000,184,172,6
187,255,176,29,1000,252,172,1000,185,175,185,171,1000,1000,184,172,7
187,255,176,29,1000,252,172,65479,185,175,185,171,1000,1000,184,172,8
187,255,176,29,186,1000,1000,1000,185,175,1000,1000,1000,1000,184,172,9
187,255,176,29,186,1000,1000,65479,185,175,1000,1000,1000,1000,184,172,10
187,255,176,29,186,1000,172,1000,185,175,1000,1000,1000,1000,184,172,11
187,255,176,29,186,1000,172,65479,185,175,1000,1000,1000,1000,184,172,12
187,255,176,29,186,252,1000,1000,185,175,0,172,1000,1000,184,172,13
187,255,176,29,186,252,1000,65479,185,175,252,172,1000,1000,184,172,14
187,255,176,29,186,252,172,1000,185,175,185,172,1000,1000,184,172,15
187,255,176,29,186,252,172,65479,185,175,185,172,1000,1000,184,172,16
187,255,176,29,1000,1000,1000,1000,185,175,1000,1000,1000,1000,184,174,1
187,255,176,29,1000,1000,1000,20,185,175,1000,1000,1000,1000,184,174,2
187,255,176,29,1000,1000,174,1000,185,175,1000,1000,1000,1000,184,174,3
187,255,176,29,1000,1000,174,20,185,175,0,175,1000,1000,184,174,4
187,255,176,29,1000,253,1000,1000,185,175,1000,1000,1000,1000,184,174,5
187,255,176,29,1000,253,1000,20,185,175,1000,1000,1000,1000,184,174,6
187,255,176,29,1000,253,174,1000,185,175,184,174,1000,1000,184,174,7
187,255,176,29,1000,253,174,20,185,175,184,175,1000,1000,184,174,8
187,255,176,29,188,1000,1000,1000,185,175,1000,1000,1000,1000,184,174,9
187,255,176,29,188,1000,1000,20,185,175,187,181,1000,1000,184,174,10
187,255,176,29,188,1000,174,1000,185,175,1000,1000,1000,1000,184,174,11
187,255,176,29,188,1000,174,20,185,175,187,175,1000,1000,184,174,12
187,255,176,29,188,253,1000,1000,185,175,178,172,1000,1000,184,174,13
187,255,176,29,188,253,1000,20,185,175,187,172,1000,1000,184,174,14
187,255,176,29,188,253,174,1000,185,175,184,172,1000,1000,184,174,15
187,255,176,29,188,253,174,20,185,175,185,174,186,173,184,174,16
187,255,176,29,1000,1000,1000,1000,185,175,1000,1000,1000,1000,185,174,1
187,255,176,29,1000,1000,1000,23,185,175,1000,1000,1000,1000,185,174,2
187,255,176,29,1000,1000,174,1000,185,175,1000,1000,1000,1000,185,174,3
187,255,176,29,1000,1000,174,23,185,175,200,174,1000,1000,185,174,4
187,255,176,29,1000,254,1000,1000,185,175,1000,1000,1000,1000,185,174,5
187,255,176,29,1000,254,1000,23,185,175,1000,1000,1000,1000,185,174,6
187,255,176,29,1000,254,174,1000,185,175,186,173,1000,1000,185,174,7
187,255,176,29,1000,254,174,23,185,175,186,174,1000,1000,185,174,8
187,255,176,29,186,1000,1000,1000,185,175,1000,1000,1000,1000,185,174,9
187,255,176,29,186,1000,1000,23,185,175,185,181,1000,1000,185,174,10
187,255,176,29,186,1000,174,1000,185,175,1000,1000,1000,1000,185,174,11
187,255,176,29,186,1000,174,23,185,175,185,174,1000,1000,185,174,12
187,255,176,29,186,254,1000,1000,185,175,179,175,1000,1000,185,174,13
187,255,176,29,186,254,1000,23,185,175,185,175,1000,1000,185,174,14
187,255,176,29,186,254,174,1000,185,175,186,175,1000,1000,185,174,15
187,255,176,29,186,254,174,23,185,175,186,174,185,175,185,174,16
187,255,176,29,1000,1000,1000,1000,185,175,1000,1000,1000,1000,179,176,1
187,255,176,29,1000,1000,1000,20,185,175,1000,1000,1000,1000,179,176,2
187,255,176,29,1000,1000,177,1000,185,175,1000,1000,1000,1000,179,176,3
187,255,176,29,1000,1000,177,20,185,175,200,177,1000,1000,179,176,4
187,255,176,29,1000,251,1000,1000,185,175,1000,1000,1000,1000,179,176,5
187,255,176,29,1000,251,1000,20,185,175,1000,1000,1000,1000,179,176,6
187,255,176,29,1000,251,177,1000,185,175,179,176,1000,1000,179,176,7
187,255,176,29,1000,251,177,20,185,175,179,177,1000,1000,179,176,8
187,255,176,29,185,1000,1000,1000,185,175,1000,1000,1000,1000,179,176,9
187,255,176,29,185,1000,1000,20,185,175,185,200,1000,1000,179,176,10
187,255,176,29,185,1000,177,1000,185,175,1000,1000,1000,1000,179,176,11
187,255,176,29,185,1000,177,20,185,175,185,177,1000,1000,179,176,12
187,255,176,29,185,251,1000,1000,185,175,177,172,1000,1000,179,176,13
187,255,176,29,185,251,1000,20,185,175,185,172,1000,1000,179,176,14
187,255,176,29,185,251,177,1000,185,175,179,172,1000,1000,179,176,15
187,255,176,29,185,251,177,20,185,175,180,176,183,174,179,176,16
187,255,176,29,1000,1000,1000,1000,185,175,1000,1000,1000,1000,181,175,1
187,255,176,29,1000,1000,1000,20,185,175,1000,1000,1000,1000,181,175,2
187,255,176,29,1000,1000,175,1000,185,175,1000,1000,1000,1000,181,175,3
187,255,176,29,1000,1000,175,20,185,175,0,176,1000,1000,181,175,4
187,255,176,29,1000,251,1000,1000,185,175,1000,1000,1000,1000,181,175,5
187,255,176,29,1000,251,1000,20,185,175,1000,1000,1000,1000,181,175,6
187,255,176,29,1000,251,175,1000,185,175,181,174,1000,1000,181,175,7
187,255,176,29,1000,251,175,20,185,175,181,176,1000,1000,181,175,8
187,255,176,29,185,1000,1000,1000,185,175,1000,1000,1000,1000,181,175,9
187,255,176,29,185,1000,1000,20,185,175,185,200,1000,1000,181,175,10
187,255,176,29,185,1000,175,1000,185,175,1000,1000,1000,1000,181,175,11
187,255,176,29,185,1000,175,20,185,175,185,176,1000,1000,181,175,12
187,255,176,29,185,251,1000,1000,185,175,177,172,1000,1000,181,175,13
187,255,176,29,185,251,1000,20,185,175,185,172,1000,1000,181,175,14
187,255,176,29,185,251,175,1000,185,175,181,172,1000,1000,181,175,15
187,255,176,29,185,251,175,20,185,175,181,175,183,173,181,175,16
187,255,176,29,1000,1000,1000,1000,185,175,1000,1000,1000,1000,184,173,1
187,255,176,29,1000,1000,1000,22,185,175,1000,1000,1000,1000,184,173,2
187,255,176,29,1000,1000,174,1000,185,175,1000,1000,1000,1000,184,173,3
187,255,176,29,1000,1000,174,22,185,175,200,174,1000,1000,184,173,4
187,255,176,29,1000,253,1000,1000,185,175,1000,1000,1000,1000,184,173,5
187,255,176,29,1000,253,1000,22,185,175,1000,1000,1000,1000,184,173,6
187,255,176,29,1000,253,174,1000,185,175,184,174,1000,1000,184,173,7
187,255,176,29,1000,253,174,22,185,175,184,174,1000,1000,184,173,8
187,255,176,29,190,1000,1000,1000,185,175,1000,1000,1000,1000,184,173,9
187,255,176,29,190,1000,1000,22,185,175,189,181,1000,1000,184,173,10
187,255,176,29,190,1000,174,1000,185,175,1000,1000,1000,1000,184,173,11
187,255,176,29,190,1000,174,22,185,175,189,174,1000,1000,184,173,12
187,255,176,29,190,253,1000,1000,185,175,179,170,1000,1000,184,173,13
187,255,176,29,190,253,1000,22,185,175,189,170,1000,1000,184,173,14
187,255,176,29,190,253,174,1000,185,175,184,170,1000,1000,184,173,15
187,255,176,29,190,253,174,22,185,175,185,174,187,171,184,173,16
187,255,176,29,1000,1000,1000,1000,185,175,1000,1000,1000,1000,180,176,1
187,255,176,29,1000,1000,1000,20,185,175,1000,1000,1000,1000,180,176,2
187,255,176,29,1000,1000,177,1000,185,175,1000,1000,1000,1000,180,176,3
187,255,176,29,1000,1000,177,20,185,175,200,177,1000,1000,180,176,4
187,255,176,29,1000,252,1000,1000,185,175,1000,1000,1000,1000,180,176,5
187,255,176,29,1000,252,1000,20,185,175,1000,1000,1000,1000,180,176,6
187,255,176,29,1000,252,177,1000,185,175,180,176,1000,1000,180,176,7
187,255,176,29,1000,252,177,20,185,175,180,177,1000,1000,180,176,8
187,255,176,29,186,1000,1000,1000,185,175,1000,1000,1000,1000,180,176,9
187,255,176,29,186,1000,1000,20,185,175,185,181,1000,1000,180,176,10
187,255,176,29,186,1000,177,1000,185,175,1000,1000,1000,1000,180,176,11
187,255,176,29,186,1000,177,20,185,175,185,177,1000,1000,180,176,12
187,255,176,29,186,252,1000,1000,185,175,178,172,1000,1000,180,176,13
187,255,176,29,186,252,1000,20,185,175,185,172,1000,1000,180,176,14
187,255,176,29,186,252,177,1000,185,175,180,172,1000,1000,180,176,15
187,255,176,29,186,252,177,20,185,175,181,176,184,174,180,176,16
187,255,176,29,1000,1000,1000,1000,185,175,1000,1000,1000,1000,180,178,1
187,255,176,29,1000,1000,1000,22,185,175,1000,1000,1000,1000,180,178,2
187,255,176,29,1000,1000,183,1000,185,175,1000,1000,1000,1000,180,178,3
187,255,176,29,1000,1000,183,22,185,175,200,183,1000,1000,180,178,4
187,255,176,29,1000,255,1000,1000,185,175,1000,1000,1000,1000,180,178,5
187,255,176,29,1000,255,1000,22,185,175,1000,1000,1000,1000,180,178,6
187,255,176,29,1000,255,183,1000,185,175,179,182,1000,1000,180,178,7
187,255,176,29,1000,255,183,22,185,175,179,183,1000,1000,180,178,8
187,255,176,29,193,1000,1000,1000,185,175,1000,1000,1000,1000,180,178,9
187,255,176,29,193,1000,1000,22,185,175,192,180,1000,1000,180,178,10
187,255,176,29,193,1000,183,1000,185,175,1000,1000,1000,1000,180,178,11
187,255,176,29,193,1000,183,22,185,175,192,183,1000,1000,180,178,12
187,255,176,29,193,255,1000,1000,185,175,180,169,1000,1000,180,178,13
187,255,176,29,193,255,1000,22,185,175,192,169,1000,1000,180,178,14
187,255,176,29,193,255,183,1000,185,175,179,169,1000,1000,180,178,15
187,255,176,29,193,255,183,22,185,175,180,179,188,174,180,178,16
187,255,176,29,1000,1000,1000,1000,185,175,1000,1000,1000,1000,184,176,1
187,255,176,29,1000,1000,1000,25,185,175,1000,1000,1000,1000,184,176,2
187,255,176,29,1000,1000,177,1000,185,175,1000,1000,1000,1000,184,176,3
187,255,176,29,1000,1000,177,25,185,175,200,177,1000,1000,184,176,4
187,255,176,29,1000,255,1000,1000,185,175,1000,1000,1000,1000,184,176,5
187,255,176,29,1000,255,1000,25,185,175,1000,1000,1000,1000,184,176,6
187,255,176,29,1000,255,177,1000,185,175,184,177,1000,1000,184,176,7
187,255,176,29,1000,255,177,25,185,175,184,177,1000,1000,184,176,8
187,255,176,29,186,1000,1000,1000,185,175,1000,1000,1000,1000,184,176,9
187,255,176,29,186,1000,1000,25,185,175,185,181,1000,1000,184,176,10
187,255,176,29,186,1000,177,1000,185,175,1000,1000,1000,1000,184,176,11
187,255,176,29,186,1000,177,25,185,175,185,177,1000,1000,184,176,12
187,255,176,29,186,255,1000,1000,185,175,180,176,1000,1000,184,176,13
187,255,176,29,186,255,1000,25,185,175,185,176,1000,1000,184,176,14
187,255,176,29,186,255,177,1000,185,175,184,176,1000,1000,184,176,15
187,255,176,29,186,255,177,25,185,175,184,177,185,176,184,176,16
