186,262,186,21,1000,1000,1000,1000,185,185,1000,1000,1000,1000,182,184,1
186,262,186,21,1000,1000,1000,65479,185,185,1000,1000,1000,1000,182,184,2
186,262,186,21,1000,1000,65479,1000,185,185,1000,1000,1000,1000,182,184,3
186,262,186,21,1000,1000,65479,65479,185,185,1000,1000,1000,1000,182,184,4
186,262,186,21,1000,65479,1000,1000,185,185,1000,1000,1000,1000,182,184,5
186,262,186,21,1000,65479,1000,65479,185,185,1000,1000,1000,1000,182,184,6
186,262,186,21,1000,65479,65479,1000,185,185,1000,1000,1000,1000,182,184,7
186,262,186,21,1000,65479,65479,65479,185,185,1000,1000,1000,1000,182,184,8
186,262,186,21,65479,1000,1000,1000,185,185,1000,1000,1000,1000,182,184,9
186,262,186,21,65479,1000,1000,65479,185,185,1000,1000,1000,1000,182,184,10
186,262,186,21,65479,1000,65479,1000,185,185,1000,1000,1000,1000,182,184,11
186,262,186,21,65479,1000,65479,65479,185,185,1000,1000,1000,1000,182,184,12
186,262,186,21,65479,65479,1000,1000,185,185,1000,1000,1000,1000,182,184,13
186,262,186,21,65479,65479,1000,65479,185,185,1000,1000,1000,1000,182,184,14
186,262,186,21,65479,65479,65479,1000,185,185,1000,1000,1000,1000,182,184,15
186,262,186,21,65479,65479,65479,65479,185,185,1000,1000,1000,1000,182,184,16
186,262,186,21,1000,1000,1000,1000,185,185,1000,1000,1000,1000,183,181,1
186,262,186,21,1000,1000,1000,11,185,185,1000,1000,1000,1000,183,181,2
186,262,186,21,1000,1000,181,1000,185,185,1000,1000,1000,1000,183,181,3
186,262,186,21,1000,1000,181,11,185,185,0,182,1000,1000,183,181,4
186,262,186,21,1000,257,1000,1000,185,185,1000,1000,1000,1000,183,181,5
186,262,186,21,1000,257,1000,11,185,185,1000,1000,1000,1000,183,181,6
186,262,186,21,1000,257,181,1000,185,185,183,180,1000,1000,183,181,7
186,262,186,21,1000,257,181,11,185,185,183,182,1000,1000,183,181,8
186,262,186,21,182,1000,1000,1000,185,185,1000,1000,1000,1000,183,181,9
186,262,186,21,182,1000,1000,11,185,185,183,0,1000,1000,183,181,10
186,262,186,21,182,1000,181,1000,185,185,1000,1000,1000,1000,183,181,11
186,262,186,21,182,1000,181,11,185,185,183,182,1000,1000,183,181,12
186,262,186,21,182,257,1000,1000,185,185,181,182,1000,1000,183,181,13
186,262,186,21,182,257,1000,11,185,185,183,182,1000,1000,183,181,14
186,262,186,21,182,257,181,1000,185,185,183,182,1000,1000,183,181,15
186,262,186,21,182,257,181,11,185,185,183,182,183,182,183,181,16
186,262,186,21,1000,1000,1000,1000,185,185,1000,1000,1000,1000,181,186,1
186,262,186,21,1000,1000,1000,13,185,185,1000,1000,1000,1000,181,186,2
186,262,186,21,1000,1000,187,1000,185,185,1000,1000,1000,1000,181,186,3
186,262,186,21,1000,1000,187,13,185,185,200,187,1000,1000,181,186,4
186,262,186,21,1000,260,1000,1000,185,185,1000,1000,1000,1000,181,186,5
186,262,186,21,1000,260,1000,13,185,185,1000,1000,1000,1000,181,186,6
186,262,186,21,1000,260,187,1000,185,185,182,186,1000,1000,181,186,7
186,262,186,21,1000,260,187,13,185,185,182,187,1000,1000,181,186,8
186,262,186,21,186,1000,1000,1000,185,185,1000,1000,1000,1000,181,186,9
186,262,186,21,186,1000,1000,13,185,185,186,200,1000,1000,181,186,10
186,262,186,21,186,1000,187,1000,185,185,1000,1000,1000,1000,181,186,11
186,262,186,21,186,1000,187,13,185,185,186,187,1000,1000,181,186,12
186,262,186,21,186,260,1000,1000,185,185,183,183,1000,1000,181,186,13
186,262,186,21,186,260,1000,13,185,185,186,183,1000,1000,181,186,14
186,262,186,21,186,260,187,1000,185,185,182,183,1000,1000,181,186,15
186,262,186,21,186,260,187,13,185,185,182,186,185,184,181,186,16
186,262,186,21,1000,1000,1000,1000,185,185,1000,1000,1000,1000,187,146,1
186,262,186,21,1000,1000,1000,14,185,185,1000,1000,1000,1000,187,146,2
186,262,186,21,1000,1000,185,1000,185,185,1000,1000,1000,1000,187,146,3
186,262,186,21,1000,1000,185,14,185,185,200,185,1000,1000,187,146,4
186,262,186,21,1000,263,1000,1000,185,185,1000,1000,1000,1000,187,146,5
186,262,186,21,1000,263,1000,14,185,185,1000,1000,1000,1000,187,146,6
186,262,186,21,1000,263,185,1000,185,185,187,185,1000,1000,187,146,7
186,262,186,21,1000,263,185,14,185,185,187,185,1000,1000,187,146,8
186,262,186,21,263,1000,1000,1000,185,185,1000,1000,1000,1000,187,146,9
186,262,186,21,263,1000,1000,14,185,185,272,0,1000,1000,187,146,10
186,262,186,21,263,1000,185,1000,185,185,1000,1000,1000,1000,187,146,11
186,262,186,21,263,1000,185,14,185,185,272,185,1000,1000,187,146,12
186,262,186,21,263,263,1000,1000,185,185,205,100,1000,1000,187,146,13
186,262,186,21,263,263,1000,14,185,185,272,100,1000,1000,187,146,14
186,262,186,21,263,263,185,1000,185,185,187,100,1000,1000,187,146,15
186,262,186,21,263,263,185,14,185,185,188,146,244,128,187,146,16
186,262,186,21,1000,1000,1000,1000,185,185,1000,1000,1000,1000,183,183,1
186,262,186,21,1000,1000,1000,12,185,185,1000,1000,1000,1000,183,183,2
186,262,186,21,1000,1000,184,1000,185,185,1000,1000,1000,1000,183,183,3
186,262,186,21,1000,1000,184,12,185,185,200,184,1000,1000,183,183,4
186,262,186,21,1000,259,1000,1000,185,185,1000,1000,1000,1000,183,183,5
186,262,186,21,1000,259,1000,12,185,185,1000,1000,1000,1000,183,183,6
186,262,186,21,1000,259,184,1000,185,185,183,183,1000,1000,183,183,7
186,262,186,21,1000,259,184,12,185,185,183,184,1000,1000,183,183,8
186,262,186,21,187,1000,1000,1000,185,185,1000,1000,1000,1000,183,183,9
186,262,186,21,187,1000,1000,12,185,185,187,200,1000,1000,183,183,10
186,262,186,21,187,1000,184,1000,185,185,1000,1000,1000,1000,183,183,11
186,262,186,21,187,1000,184,12,185,185,187,184,1000,1000,183,183,12
186,262,186,21,187,259,1000,1000,185,185,183,180,1000,1000,183,183,13
186,262,186,21,187,259,1000,12,185,185,187,180,1000,1000,183,183,14
186,262,186,21,187,259,184,1000,185,185,183,180,1000,1000,183,183,15
186,262,186,21,187,259,184,12,185,185,183,184,186,182,183,183,16
186,262,186,21,1000,1000,1000,1000,185,185,1000,1000,1000,1000,187,183,1
186,262,186,21,1000,1000,1000,12,185,185,1000,1000,1000,1000,187,183,2
186,262,186,21,1000,1000,183,1000,185,185,1000,1000,1000,1000,187,183,3
186,262,186,21,1000,1000,183,12,185,185,200,183,1000,1000,187,183,4
186,262,186,21,1000,262,1000,1000,185,185,1000,1000,1000,1000,187,183,5
186,262,186,21,1000,262,1000,12,185,185,1000,1000,1000,1000,187,183,6
186,262,186,21,1000,262,183,1000,185,185,188,182,1000,1000,187,183,7
186,262,186,21,1000,262,183,12,185,185,188,183,1000,1000,187,183,8
186,262,186,21,189,1000,1000,1000,185,185,1000,1000,1000,1000,187,183,9
186,262,186,21,189,1000,1000,12,185,185,189,200,1000,1000,187,183,10
186,262,186,21,189,1000,183,1000,185,185,1000,1000,1000,1000,187,183,11
186,262,186,21,189,1000,183,12,185,185,189,183,1000,1000,187,183,12
186,262,186,21,189,262,1000,1000,185,185,185,182,1000,1000,187,183,13
186,262,186,21,189,262,1000,12,185,185,189,182,1000,1000,187,183,14
186,262,186,21,189,262,183,1000,185,185,188,182,1000,1000,187,183,15
186,262,186,21,189,262,183,12,185,185,188,183,189,183,187,183,16
186,262,186,21,1000,1000,1000,1000,185,185,1000,1000,1000,1000,184,147,1
186,262,186,21,1000,1000,1000,14,185,185,1000,1000,1000,1000,184,147,2
186,262,186,21,1000,1000,187,1000,185,185,1000,1000,1000,1000,184,147,3
186,262,186,21,1000,1000,187,14,185,185,200,187,1000,1000,184,147,4
186,262,186,21,1000,262,1000,1000,185,185,1000,1000,1000,1000,184,147,5
186,262,186,21,1000,262,1000,14,185,185,1000,1000,1000,1000,184,147,6
186,262,186,21,1000,262,187,1000,185,185,184,187,1000,1000,184,147,7
186,262,186,21,1000,262,187,14,185,185,184,187,1000,1000,184,147,8
186,262,186,21,261,1000,1000,1000,185,185,1000,1000,1000,1000,184,147,9
186,262,186,21,261,1000,1000,14,185,185,270,0,1000,1000,184,147,10
186,262,186,21,261,1000,187,1000,185,185,1000,1000,1000,1000,184,147,11
186,262,186,21,261,1000,187,14,185,185,270,187,1000,1000,184,147,12
186,262,186,21,261,262,1000,1000,185,185,203,101,1000,1000,184,147,13
186,262,186,21,261,262,1000,14,185,185,270,101,1000,1000,184,147,14
186,262,186,21,261,262,187,1000,185,185,184,101,1000,1000,184,147,15
186,262,186,21,261,262,187,14,185,185,185,147,241,130,184,147,16
186,262,186,21,1000,1000,1000,1000,185,185,1000,1000,1000,1000,186,183,1
186,262,186,21,1000,1000,1000,13,185,185,1000,1000,1000,1000,186,183,2
186,262,186,21,1000,1000,183,1000,185,185,1000,1000,1000,1000,186,183,3
186,262,186,21,1000,1000,183,13,185,185,200,183,1000,1000,186,183,4
186,262,186,21,1000,261,1000,1000,185,185,1000,1000,1000,1000,186,183,5
186,262,186,21,1000,261,1000,13,185,185,1000,1000,1000,1000,186,183,6
186,262,186,21,1000,261,183,1000,185,185,187,182,1000,1000,186,183,7
186,262,186,21,1000,261,183,13,185,185,187,183,1000,1000,186,183,8
186,262,186,21,186,1000,1000,1000,185,185,1000,1000,1000,1000,186,183,9
186,262,186,21,186,1000,1000,13,185,185,186,200,1000,1000,186,183,10
186,262,186,21,186,1000,183,1000,185,185,1000,1000,1000,1000,186,183,11
186,262,186,21,186,1000,183,13,185,185,186,183,1000,1000,186,183,12
186,262,186,21,186,261,1000,1000,185,185,184,184,1000,1000,186,183,13
186,262,186,21,186,261,1000,13,185,185,186,184,1000,1000,186,183,14
186,262,186,21,186,261,183,1000,185,185,187,184,1000,1000,186,183,15
186,262,186,21,186,261,183,13,185,185,187,183,186,184,186,183,16
186,262,186,21,1000,1000,1000,1000,185,185,1000,1000,1000,1000,186,182,1
186,262,186,21,1000,1000,1000,13,185,185,1000,1000,1000,1000,186,182,2
186,262,186,21,1000,1000,182,1000,185,185,1000,1000,1000,1000,186,182,3
186,262,186,21,1000,1000,182,13,185,185,200,182,1000,1000,186,182,4
186,262,186,21,1000,260,1000,1000,185,185,1000,1000,1000,1000,186,182,5
186,262,186,21,1000,260,1000,13,185,185,1000,1000,1000,1000,186,182,6
186,262,186,21,1000,260,182,1000,185,185,186,182,1000,1000,186,182,7
186,262,186,21,1000,260,182,13,185,185,186,182,1000,1000,186,182,8
186,262,186,21,187,1000,1000,1000,185,185,1000,1000,1000,1000,186,182,9
186,262,186,21,187,1000,1000,13,185,185,187,200,1000,1000,186,182,10
186,262,186,21,187,1000,182,1000,185,185,1000,1000,1000,1000,186,182,11
186,262,186,21,187,1000,182,13,185,185,187,182,1000,1000,186,182,12
186,262,186,21,187,260,1000,1000,185,185,183,182,1000,1000,186,182,13
186,262,186,21,187,260,1000,13,185,185,187,182,1000,1000,186,182,14
186,262,186,21,187,260,182,1000,185,185,186,182,1000,1000,186,182,15
186,262,186,21,187,260,182,13,185,185,186,182,187,182,186,182,16
186,262,186,21,1000,1000,1000,1000,185,185,1000,1000,1000,1000,100,180,1
186,262,186,21,1000,1000,1000,10,185,185,1000,1000,1000,1000,100,180,2
186,262,186,21,1000,1000,258,1000,185,185,1000,1000,1000,1000,100,180,3
186,262,186,21,1000,1000,258,10,185,185,0,266,1000,1000,100,180,4
186,262,186,21,1000,258,1000,1000,185,185,1000,1000,1000,1000,100,180,5
186,262,186,21,1000,258,1000,10,185,185,1000,1000,1000,1000,100,180,6
186,262,186,21,1000,258,258,1000,185,185,100,238,1000,1000,100,180,7
186,262,186,21,1000,258,258,10,185,185,100,266,1000,1000,100,180,8
186,262,186,21,186,1000,1000,1000,185,185,1000,1000,1000,1000,100,180,9
186,262,186,21,186,1000,1000,10,185,185,186,200,1000,1000,100,180,10
186,262,186,21,186,1000,258,1000,185,185,1000,1000,1000,1000,100,180,11
186,262,186,21,186,1000,258,10,185,185,186,266,1000,1000,100,180,12
186,262,186,21,186,258,1000,1000,185,185,182,180,1000,1000,100,180,13
186,262,186,21,186,258,1000,10,185,185,186,180,1000,1000,100,180,14
186,262,186,21,186,258,258,1000,185,185,100,180,1000,1000,100,180,15
186,262,186,21,186,258,258,10,185,185,100,180,157,209,100,180,16
186,262,186,21,1000,1000,1000,1000,185,185,1000,1000,1000,1000,101,183,1
186,262,186,21,1000,1000,1000,15,185,185,1000,1000,1000,1000,101,183,2
186,262,186,21,1000,1000,263,1000,185,185,1000,1000,1000,1000,101,183,3
186,262,186,21,1000,1000,263,15,185,185,0,272,1000,1000,101,183,4
186,262,186,21,1000,262,1000,1000,185,185,1000,1000,1000,1000,101,183,5
186,262,186,21,1000,262,1000,15,185,185,1000,1000,1000,1000,101,183,6
186,262,186,21,1000,262,263,1000,185,185,99,243,1000,1000,101,183,7
186,262,186,21,1000,262,263,15,185,185,99,272,1000,1000,101,183,8
186,262,186,21,188,1000,1000,1000,185,185,1000,1000,1000,1000,101,183,9
186,262,186,21,188,1000,1000,15,185,185,188,200,1000,1000,101,183,10
186,262,186,21,188,1000,263,1000,185,185,1000,1000,1000,1000,101,183,11
186,262,186,21,188,1000,263,15,185,185,188,272,1000,1000,101,183,12
186,262,186,21,188,262,1000,1000,185,185,185,183,1000,1000,101,183,13
186,262,186,21,188,262,1000,15,185,185,188,183,1000,1000,101,183,14
186,262,186,21,188,262,263,1000,185,185,99,183,1000,1000,101,183,15
186,262,186,21,188,262,263,15,185,185,102,184,158,213,101,183,16
186,262,186,21,1000,1000,1000,1000,185,185,1000,1000,1000,1000,182,183,1
186,262,186,21,1000,1000,1000,10,185,185,1000,1000,1000,1000,182,183,2
186,262,186,21,1000,1000,183,1000,185,185,1000,1000,1000,1000,182,183,3
186,262,186,21,1000,1000,183,10,185,185,200,183,1000,1000,182,183,4
186,262,186,21,1000,258,1000,1000,185,185,1000,1000,1000,1000,182,183,5
186,262,186,21,1000,258,1000,10,185,185,1000,1000,1000,1000,182,183,6
186,262,186,21,1000,258,183,1000,185,185,183,182,1000,1000,182,183,7
186,262,186,21,1000,258,183,10,185,185,183,183,1000,1000,182,183,8
186,262,186,21,184,1000,1000,1000,185,185,1000,1000,1000,1000,182,183,9
186,262,186,21,184,1000,1000,10,185,185,184,200,1000,1000,182,183,10
186,262,186,21,184,1000,183,1000,185,185,1000,1000,1000,1000,182,183,11
186,262,186,21,184,1000,183,10,185,185,184,183,1000,1000,182,183,12
186,262,186,21,184,258,1000,1000,185,185,182,182,1000,1000,182,183,13
186,262,186,21,184,258,1000,10,185,185,184,182,1000,1000,182,183,14
186,262,186,21,184,258,183,1000,185,185,183,182,1000,1000,182,183,15
186,262,186,21,184,258,183,10,185,185,183,183,184,182,182,183,16
186,262,186,21,1000,1000,1000,1000,185,185,1000,1000,1000,1000,186,184,1
186,262,186,21,1000,1000,1000,14,185,185,1000,1000,1000,1000,186,184,2
186,262,186,21,1000,1000,185,1000,185,185,1000,1000,1000,1000,186,184,3
186,262,186,21,1000,1000,185,14,185,185,200,185,1000,1000,186,184,4
186,262,186,21,1000,262,1000,1000,185,185,1000,1000,1000,1000,186,184,5
186,262,186,21,1000,262,1000,14,185,185,1000,1000,1000,1000,186,184,6
186,262,186,21,1000,262,185,1000,185,185,186,185,1000,1000,186,184,7
186,262,186,21,1000,262,185,14,185,185,186,185,1000,1000,186,184,8
186,262,186,21,188,1000,1000,1000,185,185,1000,1000,1000,1000,186,184,9
186,262,186,21,188,1000,1000,14,185,185,188,200,1000,1000,186,184,10
186,262,186,21,188,1000,185,1000,185,185,1000,1000,1000,1000,186,184,11
186,262,186,21,188,1000,185,14,185,185,188,185,1000,1000,186,184,12
186,262,186,21,188,262,1000,1000,185,185,185,183,1000,1000,186,184,13
186,262,186,21,188,262,1000,14,185,185,188,183,1000,1000,186,184,14
186,262,186,21,188,262,185,1000,185,185,186,183,1000,1000,186,184,15
186,262,186,21,188,262,185,14,185,185,186,185,187,184,186,184,16
186,262,186,21,1000,1000,1000,1000,185,185,1000,1000,1000,1000,185,183,1
186,262,186,21,1000,1000,1000,13,185,185,1000,1000,1000,1000,185,183,2
186,262,186,21,1000,1000,183,1000,185,185,1000,1000,1000,1000,185,183,3
186,262,186,21,1000,1000,183,13,185,185,200,183,1000,1000,185,183,4
186,262,186,21,1000,260,1000,1000,185,185,1000,1000,1000,1000,185,183,5
186,262,186,21,1000,260,1000,13,185,185,1000,1000,1000,1000,185,183,6
186,262,186,21,1000,260,183,1000,185,185,185,183,1000,1000,185,183,7
186,262,186,21,1000,260,183,13,185,185,185,183,1000,1000,185,183,8
186,262,186,21,186,1000,1000,1000,185,185,1000,1000,1000,1000,185,183,9
186,262,186,21,186,1000,1000,13,185,185,186,200,1000,1000,185,183,10
186,262,186,21,186,1000,183,1000,185,185,1000,1000,1000,1000,185,183,11
186,262,186,21,186,1000,183,13,185,185,186,183,1000,1000,185,183,12
186,262,186,21,186,260,1000,1000,185,185,183,183,1000,1000,185,183,13
186,262,186,21,186,260,1000,13,185,185,186,183,1000,1000,185,183,14
186,262,186,21,186,260,183,1000,185,185,185,183,1000,1000,185,183,15
186,262,186,21,186,260,183,13,185,185,185,183,186,183,185,183,16
186,262,186,21,1000,1000,1000,1000,185,185,1000,1000,1000,1000,184,183,1
186,262,186,21,1000,1000,1000,13,185,185,1000,1000,1000,1000,184,183,2
186,262,186,21,1000,1000,184,1000,185,185,1000,1000,1000,1000,184,183,3
186,262,186,21,1000,1000,184,13,185,185,200,184,1000,1000,184,183,4
186,262,186,21,1000,260,1000,1000,185,185,1000,1000,1000,1000,184,183,5
186,262,186,21,1000,260,1000,13,185,185,1000,1000,1000,1000,184,183,6
186,262,186,21,1000,260,184,1000,185,185,184,184,1000,1000,184,183,7
186,262,186,21,1000,260,184,13,185,185,184,184,1000,1000,184,183,8
186,262,186,21,189,1000,1000,1000,185,185,1000,1000,1000,1000,184,183,9
186,262,186,21,189,1000,1000,13,185,185,189,200,1000,1000,184,183,10
186,262,186,21,189,1000,184,1000,185,185,1000,1000,1000,1000,184,183,11
186,262,186,21,189,1000,184,13,185,185,189,184,1000,1000,184,183,12
186,262,186,21,189,260,1000,1000,185,185,183,180,1000,1000,184,183,13
186,262,186,21,189,260,1000,13,185,185,189,180,1000,1000,184,183,14
186,262,186,21,189,260,184,1000,185,185,184,180,1000,1000,184,183,15
186,262,186,21,189,260,184,13,185,185,185,183,187,181,184,183,16
186,262,186,21,1000,1000,1000,1000,185,185,1000,1000,1000,1000,183,146,1
186,262,186,21,1000,1000,1000,13,185,185,1000,1000,1000,1000,183,146,2
186,262,186,21,1000,1000,185,1000,185,185,1000,1000,1000,1000,183,146,3
186,262,186,21,1000,1000,185,13,185,185,200,185,1000,1000,183,146,4
186,262,186,21,1000,260,1000,1000,185,185,1000,1000,1000,1000,183,146,5
186,262,186,21,1000,260,1000,13,185,185,1000,1000,1000,1000,183,146,6
186,262,186,21,1000,260,185,1000,185,185,183,185,1000,1000,183,146,7
186,262,186,21,1000,260,185,13,185,185,183,185,1000,1000,183,146,8
186,262,186,21,259,1000,1000,1000,185,185,1000,1000,1000,1000,183,146,9
186,262,186,21,259,1000,1000,13,185,185,267,0,1000,1000,183,146,10
186,262,186,21,259,1000,185,1000,185,185,1000,1000,1000,1000,183,146,11
186,262,186,21,259,1000,185,13,185,185,267,185,1000,1000,183,146,12
186,262,186,21,259,260,1000,1000,185,185,202,101,1000,1000,183,146,13
186,262,186,21,259,260,1000,13,185,185,267,101,1000,1000,183,146,14
186,262,186,21,259,260,185,1000,185,185,183,101,1000,1000,183,146,15
186,262,186,21,259,260,185,13,185,185,184,147,239,129,183,146,16
186,262,186,21,1000,1000,1000,1000,185,185,1000,1000,1000,1000,186,182,1
186,262,186,21,1000,1000,1000,12,185,185,1000,1000,1000,1000,186,182,2
186,262,186,21,1000,1000,182,1000,185,185,1000,1000,1000,1000,186,182,3
186,262,186,21,1000,1000,182,12,185,185,200,182,1000,1000,186,182,4
186,262,186,21,1000,260,1000,1000,185,185,1000,1000,1000,1000,186,182,5
186,262,186,21,1000,260,1000,12,185,185,1000,1000,1000,1000,186,182,6
186,262,186,21,1000,260,182,1000,185,185,186,182,1000,1000,186,182,7
186,262,186,21,1000,260,182,12,185,185,186,182,1000,1000,186,182,8
186,262,186,21,186,1000,1000,1000,185,185,1000,1000,1000,1000,186,182,9
186,262,186,21,186,1000,1000,12,185,185,186,200,1000,1000,186,182,10
186,262,186,21,186,1000,182,1000,185,185,1000,1000,1000,1000,186,182,11
186,262,186,21,186,1000,182,12,185,185,186,182,1000,1000,186,182,12
186,262,186,21,186,260,1000,1000,185,185,183,183,1000,1000,186,182,13
186,262,186,21,186,260,1000,12,185,185,186,183,1000,1000,186,182,14
186,262,186,21,186,260,182,1000,185,185,186,183,1000,1000,186,182,15
186,262,186,21,186,260,182,12,185,185,186,182,186,182,186,182,16
186,262,186,21,1000,1000,1000,1000,185,185,1000,1000,1000,1000,184,184,1
186,262,186,21,1000,1000,1000,13,185,185,1000,1000,1000,1000,184,184,2
186,262,186,21,1000,1000,185,1000,185,185,1000,1000,1000,1000,184,184,3
186,262,186,21,1000,1000,185,13,185,185,200,185,1000,1000,184,184,4
186,262,186,21,1000,261,1000,1000,185,185,1000,1000,1000,1000,184,184,5
186,262,186,21,1000,261,1000,13,185,185,1000,1000,1000,1000,184,184,6
186,262,186,21,1000,261,185,1000,185,185,185,184,1000,1000,184,184,7
186,262,186,21,1000,261,185,13,185,185,185,185,1000,1000,184,184,8
186,262,186,21,189,1000,1000,1000,185,185,1000,1000,1000,1000,184,184,9
186,262,186,21,189,1000,1000,13,185,185,189,200,1000,1000,184,184,10
186,262,186,21,189,1000,185,1000,185,185,1000,1000,1000,1000,184,184,11
186,262,186,21,189,1000,185,13,185,185,189,185,1000,1000,184,184,12
186,262,186,21,189,261,1000,1000,185,185,184,181,1000,1000,184,184,13
186,262,186,21,189,261,1000,13,185,185,189,181,1000,1000,184,184,14
186,262,186,21,189,261,185,1000,185,185,185,181,1000,1000,184,184,15
186,262,186,21,189,261,185,13,185,185,185,184,188,182,184,184,16
186,262,186,21,1000,1000,1000,1000,185,185,1000,1000,1000,1000,183,183,1
186,262,186,21,1000,1000,1000,13,185,185,1000,1000,1000,1000,183,183,2
186,262,186,21,1000,1000,184,1000,185,185,1000,1000,1000,1000,183,183,3
186,262,186,21,1000,1000,184,13,185,185,200,184,1000,1000,183,183,4
186,262,186,21,1000,259,1000,1000,185,185,1000,1000,1000,1000,183,183,5
186,262,186,21,1000,259,1000,13,185,185,1000,1000,1000,1000,183,183,6
186,262,186,21,1000,259,184,1000,185,185,183,183,1000,1000,183,183,7
186,262,186,21,1000,259,184,13,185,185,183,184,1000,1000,183,183,8
186,262,186,21,185,1000,1000,1000,185,185,1000,1000,1000,1000,183,183,9
186,262,186,21,185,1000,1000,13,185,185,185,200,1000,1000,183,183,10
186,262,186,21,185,1000,184,1000,185,185,1000,1000,1000,1000,183,183,11
186,262,186,21,185,1000,184,13,185,185,185,184,1000,1000,183,183,12
186,262,186,21,185,259,1000,1000,185,185,183,182,1000,1000,183,183,13
186,262,186,21,185,259,1000,13,185,185,185,182,1000,1000,183,183,14
186,262,186,21,185,259,184,1000,185,185,183,182,1000,1000,183,183,15
186,262,186,21,185,259,184,13,185,185,183,184,184,183,183,183,16
186,262,186,21,1000,1000,1000,1000,185,185,1000,1000,1000,1000,187,181,1
186,262,186,21,1000,1000,1000,12,185,185,1000,1000,1000,1000,187,181,2
186,262,186,21,1000,1000,181,1000,185,185,1000,1000,1000,1000,187,181,3
186,262,186,21,1000,1000,181,12,185,185,0,182,1000,1000,187,181,4
186,262,186,21,1000,260,1000,1000,185,185,1000,1000,1000,1000,187,181,5
186,262,186,21,1000,260,1000,12,185,185,1000,1000,1000,1000,187,181,6
186,262,186,21,1000,260,181,1000,185,185,187,181,1000,1000,187,181,7
186,262,186,21,1000,260,181,12,185,185,187,182,1000,1000,187,181,8
186,262,186,21,186,1000,1000,1000,185,185,1000,1000,1000,1000,187,181,9
186,262,186,21,186,1000,1000,12,185,185,186,200,1000,1000,187,181,10
186,262,186,21,186,1000,181,1000,185,185,1000,1000,1000,1000,187,181,11
186,262,186,21,186,1000,181,12,185,185,186,182,1000,1000,187,181,12
186,262,186,21,186,260,1000,1000,185,185,183,183,1000,1000,187,181,13
186,262,186,21,186,260,1000,12,185,185,186,183,1000,1000,187,181,14
186,262,186,21,186,260,181,1000,185,185,187,183,1000,1000,187,181,15
186,262,186,21,186,260,181,12,185,185,187,182,186,182,187,181,16
