269,196,16,185,1000,1000,1000,1000,195,15,1000,1000,1000,1000,188,22,1
269,196,16,185,1000,1000,1000,187,195,15,1000,1000,1000,1000,188,22,2
269,196,16,185,1000,1000,17,1000,195,15,1000,1000,1000,1000,188,22,3
269,196,16,185,1000,1000,17,187,195,15,189,13,1000,1000,188,22,4
269,196,16,185,1000,199,1000,1000,195,15,1000,1000,1000,1000,188,22,5
269,196,16,185,1000,199,1000,187,195,15,1000,1000,1000,1000,188,22,6
269,196,16,185,1000,199,17,1000,195,15,198,20,1000,1000,188,22,7
269,196,16,185,1000,199,17,187,195,15,198,13,1000,1000,188,22,8
269,196,16,185,270,1000,1000,1000,195,15,1000,1000,1000,1000,188,22,9
269,196,16,185,270,1000,1000,187,195,15,195,13,1000,1000,188,22,10
269,196,16,185,270,1000,17,1000,195,15,1000,1000,1000,1000,188,22,11
269,196,16,185,270,1000,17,187,195,15,195,13,1000,1000,188,22,12
269,196,16,185,270,199,1000,1000,195,15,190,17,1000,1000,188,22,13
269,196,16,185,270,199,1000,187,195,15,195,17,1000,1000,188,22,14
269,196,16,185,270,199,17,1000,195,15,198,17,1000,1000,188,22,15
269,196,16,185,270,199,17,187,195,15,195,13,196,16,188,22,16
269,196,16,185,1000,1000,1000,1000,195,15,1000,1000,1000,1000,192,16,1
269,196,16,185,1000,1000,1000,188,195,15,1000,1000,1000,1000,192,16,2
269,196,16,185,1000,1000,17,1000,195,15,1000,1000,1000,1000,192,16,3
269,196,16,185,1000,1000,17,188,195,15,188,12,1000,1000,192,16,4
269,196,16,185,1000,199,1000,1000,195,15,1000,1000,1000,1000,192,16,5
269,196,16,185,1000,199,1000,188,195,15,1000,1000,1000,1000,192,16,6
269,196,16,185,1000,199,17,1000,195,15,198,20,1000,1000,192,16,7
269,196,16,185,1000,199,17,188,195,15,198,12,1000,1000,192,16,8
269,196,16,185,274,1000,1000,1000,195,15,1000,1000,1000,1000,192,16,9
269,196,16,185,274,1000,1000,188,195,15,199,12,1000,1000,192,16,10
269,196,16,185,274,1000,17,1000,195,15,1000,1000,1000,1000,192,16,11
269,196,16,185,274,1000,17,188,195,15,199,12,1000,1000,192,16,12
269,196,16,185,274,199,1000,1000,195,15,193,11,1000,1000,192,16,13
269,196,16,185,274,199,1000,188,195,15,199,11,1000,1000,192,16,14
269,196,16,185,274,199,17,1000,195,15,198,11,1000,1000,192,16,15
269,196,16,185,274,199,17,188,195,15,199,12,199,12,192,16,16
269,196,16,185,1000,1000,1000,1000,195,15,1000,1000,1000,1000,184,26,1
269,196,16,185,1000,1000,1000,190,195,15,1000,1000,1000,1000,184,26,2
269,196,16,185,1000,1000,13,1000,195,15,1000,1000,1000,1000,184,26,3
269,196,16,185,1000,1000,13,190,195,15,192,10,1000,1000,184,26,4
269,196,16,185,1000,202,1000,1000,195,15,1000,1000,1000,1000,184,26,5
269,196,16,185,1000,202,1000,190,195,15,1000,1000,1000,1000,184,26,6
269,196,16,185,1000,202,13,1000,195,15,202,0,1000,1000,184,26,7
269,196,16,185,1000,202,13,190,195,15,202,10,1000,1000,184,26,8
269,196,16,185,269,1000,1000,1000,195,15,1000,1000,1000,1000,184,26,9
269,196,16,185,269,1000,1000,190,195,15,191,11,1000,1000,184,26,10
269,196,16,185,269,1000,13,1000,195,15,1000,1000,1000,1000,184,26,11
269,196,16,185,269,1000,13,190,195,15,191,10,1000,1000,184,26,12
269,196,16,185,269,202,1000,1000,195,15,192,21,1000,1000,184,26,13
269,196,16,185,269,202,1000,190,195,15,191,21,1000,1000,184,26,14
269,196,16,185,269,202,13,1000,195,15,202,21,1000,1000,184,26,15
269,196,16,185,269,202,13,190,195,15,191,10,194,17,184,26,16
269,196,16,185,1000,1000,1000,1000,195,15,1000,1000,1000,1000,189,20,1
269,196,16,185,1000,1000,1000,190,195,15,1000,1000,1000,1000,189,20,2
269,196,16,185,1000,1000,20,1000,195,15,1000,1000,1000,1000,189,20,3
269,196,16,185,1000,1000,20,190,195,15,183,11,1000,1000,189,20,4
269,196,16,185,1000,201,1000,1000,195,15,1000,1000,1000,1000,189,20,5
269,196,16,185,1000,201,1000,190,195,15,1000,1000,1000,1000,189,20,6
269,196,16,185,1000,201,20,1000,195,15,200,20,1000,1000,189,20,7
269,196,16,185,1000,201,20,190,195,15,200,11,1000,1000,189,20,8
269,196,16,185,273,1000,1000,1000,195,15,1000,1000,1000,1000,189,20,9
269,196,16,185,273,1000,1000,190,195,15,196,10,1000,1000,189,20,10
269,196,16,185,273,1000,20,1000,195,15,1000,1000,1000,1000,189,20,11
269,196,16,185,273,1000,20,190,195,15,196,11,1000,1000,189,20,12
269,196,16,185,273,201,1000,1000,195,15,194,15,1000,1000,189,20,13
269,196,16,185,273,201,1000,190,195,15,196,15,1000,1000,189,20,14
269,196,16,185,273,201,20,1000,195,15,200,15,1000,1000,189,20,15
269,196,16,185,273,201,20,190,195,15,196,11,197,13,189,20,16
269,196,16,185,1000,1000,1000,1000,195,15,1000,1000,1000,1000,185,18,1
269,196,16,185,1000,1000,1000,192,195,15,1000,1000,1000,1000,185,18,2
269,196,16,185,1000,1000,15,1000,195,15,1000,1000,1000,1000,185,18,3
269,196,16,185,1000,1000,15,192,195,15,187,8,1000,1000,185,18,4
269,196,16,185,1000,197,1000,1000,195,15,1000,1000,1000,1000,185,18,5
269,196,16,185,1000,197,1000,192,195,15,1000,1000,1000,1000,185,18,6
269,196,16,185,1000,197,15,1000,195,15,196,20,1000,1000,185,18,7
269,196,16,185,1000,197,15,192,195,15,196,8,1000,1000,185,18,8
269,196,16,185,271,1000,1000,1000,195,15,1000,1000,1000,1000,185,18,9
269,196,16,185,271,1000,1000,192,195,15,191,8,1000,1000,185,18,10
269,196,16,185,271,1000,15,1000,195,15,1000,1000,1000,1000,185,18,11
269,196,16,185,271,1000,15,192,195,15,191,8,1000,1000,185,18,12
269,196,16,185,271,197,1000,1000,195,15,191,13,1000,1000,185,18,13
269,196,16,185,271,197,1000,192,195,15,191,13,1000,1000,185,18,14
269,196,16,185,271,197,15,1000,195,15,196,13,1000,1000,185,18,15
269,196,16,185,271,197,15,192,195,15,192,9,193,12,185,18,16
269,196,16,185,1000,1000,1000,1000,195,15,1000,1000,1000,1000,185,20,1
269,196,16,185,1000,1000,1000,192,195,15,1000,1000,1000,1000,185,20,2
269,196,16,185,1000,1000,18,1000,195,15,1000,1000,1000,1000,185,20,3
269,196,16,185,1000,1000,18,192,195,15,184,9,1000,1000,185,20,4
269,196,16,185,1000,199,1000,1000,195,15,1000,1000,1000,1000,185,20,5
269,196,16,185,1000,199,1000,192,195,15,1000,1000,1000,1000,185,20,6
269,196,16,185,1000,199,18,1000,195,15,198,20,1000,1000,185,20,7
269,196,16,185,1000,199,18,192,195,15,198,9,1000,1000,185,20,8
269,196,16,185,271,1000,1000,1000,195,15,1000,1000,1000,1000,185,20,9
269,196,16,185,271,1000,1000,192,195,15,191,8,1000,1000,185,20,10
269,196,16,185,271,1000,18,1000,195,15,1000,1000,1000,1000,185,20,11
269,196,16,185,271,1000,18,192,195,15,191,9,1000,1000,185,20,12
269,196,16,185,271,199,1000,1000,195,15,192,15,1000,1000,185,20,13
269,196,16,185,271,199,1000,192,195,15,191,15,1000,1000,185,20,14
269,196,16,185,271,199,18,1000,195,15,198,15,1000,1000,185,20,15
269,196,16,185,271,199,18,192,195,15,192,9,194,13,185,20,16
269,196,16,185,1000,1000,1000,1000,195,15,1000,1000,1000,1000,186,24,1
269,196,16,185,1000,1000,1000,188,195,15,1000,1000,1000,1000,186,24,2
269,196,16,185,1000,1000,16,1000,195,15,1000,1000,1000,1000,186,24,3
269,196,16,185,1000,1000,16,188,195,15,189,12,1000,1000,186,24,4
269,196,16,185,1000,200,1000,1000,195,15,1000,1000,1000,1000,186,24,5
269,196,16,185,1000,200,1000,188,195,15,1000,1000,1000,1000,186,24,6
269,196,16,185,1000,200,16,1000,195,15,199,20,1000,1000,186,24,7
269,196,16,185,1000,200,16,188,195,15,199,12,1000,1000,186,24,8
269,196,16,185,269,1000,1000,1000,195,15,1000,1000,1000,1000,186,24,9
269,196,16,185,269,1000,1000,188,195,15,193,13,1000,1000,186,24,10
269,196,16,185,269,1000,16,1000,195,15,1000,1000,1000,1000,186,24,11
269,196,16,185,269,1000,16,188,195,15,193,12,1000,1000,186,24,12
269,196,16,185,269,200,1000,1000,195,15,191,19,1000,1000,186,24,13
269,196,16,185,269,200,1000,188,195,15,193,19,1000,1000,186,24,14
269,196,16,185,269,200,16,1000,195,15,199,19,1000,1000,186,24,15
269,196,16,185,269,200,16,188,195,15,193,12,195,17,186,24,16
269,196,16,185,1000,1000,1000,1000,195,15,1000,1000,1000,1000,190,20,1
269,196,16,185,1000,1000,1000,189,195,15,1000,1000,1000,1000,190,20,2
269,196,16,185,1000,1000,15,1000,195,15,1000,1000,1000,1000,190,20,3
269,196,16,185,1000,1000,15,189,195,15,190,11,1000,1000,190,20,4
269,196,16,185,1000,201,1000,1000,195,15,1000,1000,1000,1000,190,20,5
269,196,16,185,1000,201,1000,189,195,15,1000,1000,1000,1000,190,20,6
269,196,16,185,1000,201,15,1000,195,15,200,20,1000,1000,190,20,7
269,196,16,185,1000,201,15,189,195,15,200,11,1000,1000,190,20,8
269,196,16,185,273,1000,1000,1000,195,15,1000,1000,1000,1000,190,20,9
269,196,16,185,273,1000,1000,189,195,15,197,11,1000,1000,190,20,10
269,196,16,185,273,1000,15,1000,195,15,1000,1000,1000,1000,190,20,11
269,196,16,185,273,1000,15,189,195,15,197,11,1000,1000,190,20,12
269,196,16,185,273,201,1000,1000,195,15,194,15,1000,1000,190,20,13
269,196,16,185,273,201,1000,189,195,15,197,15,1000,1000,190,20,14
269,196,16,185,273,201,15,1000,195,15,200,15,1000,1000,190,20,15
269,196,16,185,273,201,15,189,195,15,197,11,198,14,190,20,16
269,196,16,185,1000,1000,1000,1000,195,15,1000,1000,1000,1000,190,16,1
269,196,16,185,1000,1000,1000,191,195,15,1000,1000,1000,1000,190,16,2
269,196,16,185,1000,1000,17,1000,195,15,1000,1000,1000,1000,190,16,3
269,196,16,185,1000,1000,17,191,195,15,186,10,1000,1000,190,16,4
269,196,16,185,1000,199,1000,1000,195,15,1000,1000,1000,1000,190,16,5
269,196,16,185,1000,199,1000,191,195,15,1000,1000,1000,1000,190,16,6
269,196,16,185,1000,199,17,1000,195,15,198,20,1000,1000,190,16,7
269,196,16,185,1000,199,17,191,195,15,198,10,1000,1000,190,16,8
269,196,16,185,274,1000,1000,1000,195,15,1000,1000,1000,1000,190,16,9
269,196,16,185,274,1000,1000,191,195,15,196,9,1000,1000,190,16,10
269,196,16,185,274,1000,17,1000,195,15,1000,1000,1000,1000,190,16,11
269,196,16,185,274,1000,17,191,195,15,196,10,1000,1000,190,16,12
269,196,16,185,274,199,1000,1000,195,15,194,11,1000,1000,190,16,13
269,196,16,185,274,199,1000,191,195,15,196,11,1000,1000,190,16,14
269,196,16,185,274,199,17,1000,195,15,198,11,1000,1000,190,16,15
269,196,16,185,274,199,17,191,195,15,197,10,197,11,190,16,16
269,196,16,185,1000,1000,1000,1000,195,15,1000,1000,1000,1000,186,21,1
269,196,16,185,1000,1000,1000,186,195,15,1000,1000,1000,1000,186,21,2
269,196,16,185,1000,1000,15,1000,195,15,1000,1000,1000,1000,186,21,3
269,196,16,185,1000,1000,15,186,195,15,195,14,1000,1000,186,21,4
269,196,16,185,1000,196,1000,1000,195,15,1000,1000,1000,1000,186,21,5
269,196,16,185,1000,196,1000,186,195,15,1000,1000,1000,1000,186,21,6
269,196,16,185,1000,196,15,1000,195,15,195,20,1000,1000,186,21,7
269,196,16,185,1000,196,15,186,195,15,195,14,1000,1000,186,21,8
269,196,16,185,268,1000,1000,1000,195,15,1000,1000,1000,1000,186,21,9
269,196,16,185,268,1000,1000,186,195,15,193,14,1000,1000,186,21,10
269,196,16,185,268,1000,15,1000,195,15,1000,1000,1000,1000,186,21,11
269,196,16,185,268,1000,15,186,195,15,193,14,1000,1000,186,21,12
269,196,16,185,268,196,1000,1000,195,15,188,16,1000,1000,186,21,13
269,196,16,185,268,196,1000,186,195,15,193,16,1000,1000,186,21,14
269,196,16,185,268,196,15,1000,195,15,195,16,1000,1000,186,21,15
269,196,16,185,268,196,15,186,195,15,193,14,194,16,186,21,16
269,196,16,185,1000,1000,1000,1000,195,15,1000,1000,1000,1000,189,24,1
269,196,16,185,1000,1000,1000,189,195,15,1000,1000,1000,1000,189,24,2
269,196,16,185,1000,1000,15,1000,195,15,1000,1000,1000,1000,189,24,3
269,196,16,185,1000,1000,15,189,195,15,190,11,1000,1000,189,24,4
269,196,16,185,1000,204,1000,1000,195,15,1000,1000,1000,1000,189,24,5
269,196,16,185,1000,204,1000,189,195,15,1000,1000,1000,1000,189,24,6
269,196,16,185,1000,204,15,1000,195,15,203,20,1000,1000,189,24,7
269,196,16,185,1000,204,15,189,195,15,203,11,1000,1000,189,24,8
269,196,16,185,272,1000,1000,1000,195,15,1000,1000,1000,1000,189,24,9
269,196,16,185,272,1000,1000,189,195,15,196,11,1000,1000,189,24,10
269,196,16,185,272,1000,15,1000,195,15,1000,1000,1000,1000,189,24,11
269,196,16,185,272,1000,15,189,195,15,196,11,1000,1000,189,24,12
269,196,16,185,272,204,1000,1000,195,15,195,19,1000,1000,189,24,13
269,196,16,185,272,204,1000,189,195,15,196,19,1000,1000,189,24,14
269,196,16,185,272,204,15,1000,195,15,203,19,1000,1000,189,24,15
269,196,16,185,272,204,15,189,195,15,196,11,198,16,189,24,16
269,196,16,185,1000,1000,1000,1000,195,15,1000,1000,1000,1000,191,21,1
269,196,16,185,1000,1000,1000,185,195,15,1000,1000,1000,1000,191,21,2
269,196,16,185,1000,1000,14,1000,195,15,1000,1000,1000,1000,191,21,3
269,196,16,185,1000,1000,14,185,195,15,0,15,1000,1000,191,21,4
269,196,16,185,1000,200,1000,1000,195,15,1000,1000,1000,1000,191,21,5
269,196,16,185,1000,200,1000,185,195,15,1000,1000,1000,1000,191,21,6
269,196,16,185,1000,200,14,1000,195,15,200,0,1000,1000,191,21,7
269,196,16,185,1000,200,14,185,195,15,200,15,1000,1000,191,21,8
269,196,16,185,271,1000,1000,1000,195,15,1000,1000,1000,1000,191,21,9
269,196,16,185,271,1000,1000,185,195,15,198,15,1000,1000,191,21,10
269,196,16,185,271,1000,14,1000,195,15,1000,1000,1000,1000,191,21,11
269,196,16,185,271,1000,14,185,195,15,198,15,1000,1000,191,21,12
269,196,16,185,271,200,1000,1000,195,15,192,16,1000,1000,191,21,13
269,196,16,185,271,200,1000,185,195,15,198,16,1000,1000,191,21,14
269,196,16,185,271,200,14,1000,195,15,200,16,1000,1000,191,21,15
269,196,16,185,271,200,14,185,195,15,198,15,199,16,191,21,16
269,196,16,185,1000,1000,1000,1000,195,15,1000,1000,1000,1000,185,22,1
269,196,16,185,1000,1000,1000,192,195,15,1000,1000,1000,1000,185,22,2
269,196,16,185,1000,1000,20,1000,195,15,1000,1000,1000,1000,185,22,3
269,196,16,185,1000,1000,20,192,195,15,182,9,1000,1000,185,22,4
269,196,16,185,1000,201,1000,1000,195,15,1000,1000,1000,1000,185,22,5
269,196,16,185,1000,201,1000,192,195,15,1000,1000,1000,1000,185,22,6
269,196,16,185,1000,201,20,1000,195,15,200,20,1000,1000,185,22,7
269,196,16,185,1000,201,20,192,195,15,200,9,1000,1000,185,22,8
269,196,16,185,271,1000,1000,1000,195,15,1000,1000,1000,1000,185,22,9
269,196,16,185,271,1000,1000,192,195,15,191,8,1000,1000,185,22,10
269,196,16,185,271,1000,20,1000,195,15,1000,1000,1000,1000,185,22,11
269,196,16,185,271,1000,20,192,195,15,191,9,1000,1000,185,22,12
269,196,16,185,271,201,1000,1000,195,15,193,17,1000,1000,185,22,13
269,196,16,185,271,201,1000,192,195,15,191,17,1000,1000,185,22,14
269,196,16,185,271,201,20,1000,195,15,200,17,1000,1000,185,22,15
269,196,16,185,271,201,20,192,195,15,192,9,194,15,185,22,16
269,196,16,185,1000,1000,1000,1000,195,15,1000,1000,1000,1000,189,23,1
269,196,16,185,1000,1000,1000,186,195,15,1000,1000,1000,1000,189,23,2
269,196,16,185,1000,1000,15,1000,195,15,1000,1000,1000,1000,189,23,3
269,196,16,185,1000,1000,15,186,195,15,195,14,1000,1000,189,23,4
269,196,16,185,1000,200,1000,1000,195,15,1000,1000,1000,1000,189,23,5
269,196,16,185,1000,200,1000,186,195,15,1000,1000,1000,1000,189,23,6
269,196,16,185,1000,200,15,1000,195,15,199,20,1000,1000,189,23,7
269,196,16,185,1000,200,15,186,195,15,199,14,1000,1000,189,23,8
269,196,16,185,270,1000,1000,1000,195,15,1000,1000,1000,1000,189,23,9
269,196,16,185,270,1000,1000,186,195,15,196,14,1000,1000,189,23,10
269,196,16,185,270,1000,15,1000,195,15,1000,1000,1000,1000,189,23,11
269,196,16,185,270,1000,15,186,195,15,196,14,1000,1000,189,23,12
269,196,16,185,270,200,1000,1000,195,15,191,18,1000,1000,189,23,13
269,196,16,185,270,200,1000,186,195,15,196,18,1000,1000,189,23,14
269,196,16,185,270,200,15,1000,195,15,199,18,1000,1000,189,23,15
269,196,16,185,270,200,15,186,195,15,196,14,197,17,189,23,16
269,196,16,185,1000,1000,1000,1000,195,15,1000,1000,1000,1000,186,23,1
269,196,16,185,1000,1000,1000,186,195,15,1000,1000,1000,1000,186,23,2
269,196,16,185,1000,1000,15,1000,195,15,1000,1000,1000,1000,186,23,3
269,196,16,185,1000,1000,15,186,195,15,195,14,1000,1000,186,23,4
269,196,16,185,1000,198,1000,1000,195,15,1000,1000,1000,1000,186,23,5
269,196,16,185,1000,198,1000,186,195,15,1000,1000,1000,1000,186,23,6
269,196,16,185,1000,198,15,1000,195,15,197,20,1000,1000,186,23,7
269,196,16,185,1000,198,15,186,195,15,197,14,1000,1000,186,23,8
269,196,16,185,268,1000,1000,1000,195,15,1000,1000,1000,1000,186,23,9
269,196,16,185,268,1000,1000,186,195,15,193,14,1000,1000,186,23,10
269,196,16,185,268,1000,15,1000,195,15,1000,1000,1000,1000,186,23,11
269,196,16,185,268,1000,15,186,195,15,193,14,1000,1000,186,23,12
269,196,16,185,268,198,1000,1000,195,15,189,18,1000,1000,186,23,13
269,196,16,185,268,198,1000,186,195,15,193,18,1000,1000,186,23,14
269,196,16,185,268,198,15,1000,195,15,197,18,1000,1000,186,23,15
269,196,16,185,268,198,15,186,195,15,193,14,195,17,186,23,16
269,196,16,185,1000,1000,1000,1000,195,15,1000,1000,1000,1000,187,21,1
269,196,16,185,1000,1000,1000,187,195,15,1000,1000,1000,1000,187,21,2
269,196,16,185,1000,1000,17,1000,195,15,1000,1000,1000,1000,187,21,3
269,196,16,185,1000,1000,17,187,195,15,189,13,1000,1000,187,21,4
269,196,16,185,1000,197,1000,1000,195,15,1000,1000,1000,1000,187,21,5
269,196,16,185,1000,197,1000,187,195,15,1000,1000,1000,1000,187,21,6
269,196,16,185,1000,197,17,1000,195,15,196,20,1000,1000,187,21,7
269,196,16,185,1000,197,17,187,195,15,196,13,1000,1000,187,21,8
269,196,16,185,269,1000,1000,1000,195,15,1000,1000,1000,1000,187,21,9
269,196,16,185,269,1000,1000,187,195,15,193,13,1000,1000,187,21,10
269,196,16,185,269,1000,17,1000,195,15,1000,1000,1000,1000,187,21,11
269,196,16,185,269,1000,17,187,195,15,193,13,1000,1000,187,21,12
269,196,16,185,269,197,1000,1000,195,15,189,16,1000,1000,187,21,13
269,196,16,185,269,197,1000,187,195,15,193,16,1000,1000,187,21,14
269,196,16,185,269,197,17,1000,195,15,196,16,1000,1000,187,21,15
269,196,16,185,269,197,17,187,195,15,194,13,194,15,187,21,16
269,196,16,185,1000,1000,1000,1000,195,15,1000,1000,1000,1000,189,21,1
269,196,16,185,1000,1000,1000,190,195,15,1000,1000,1000,1000,189,21,2
269,196,16,185,1000,1000,16,1000,195,15,1000,1000,1000,1000,189,21,3
269,196,16,185,1000,1000,16,190,195,15,188,10,1000,1000,189,21,4
269,196,16,185,1000,203,1000,1000,195,15,1000,1000,1000,1000,189,21,5
269,196,16,185,1000,203,1000,190,195,15,1000,1000,1000,1000,189,21,6
269,196,16,185,1000,203,16,1000,195,15,202,20,1000,1000,189,21,7
269,196,16,185,1000,203,16,190,195,15,202,10,1000,1000,189,21,8
269,196,16,185,273,1000,1000,1000,195,15,1000,1000,1000,1000,189,21,9
269,196,16,185,273,1000,1000,190,195,15,196,10,1000,1000,189,21,10
269,196,16,185,273,1000,16,1000,195,15,1000,1000,1000,1000,189,21,11
269,196,16,185,273,1000,16,190,195,15,196,10,1000,1000,189,21,12
269,196,16,185,273,203,1000,1000,195,15,195,17,1000,1000,189,21,13
269,196,16,185,273,203,1000,190,195,15,196,17,1000,1000,189,21,14
269,196,16,185,273,203,16,1000,195,15,202,17,1000,1000,189,21,15
269,196,16,185,273,203,16,190,195,15,197,10,198,15,189,21,16
269,196,16,185,1000,1000,1000,1000,195,15,1000,1000,1000,1000,190,21,1
269,196,16,185,1000,1000,1000,186,195,15,1000,1000,1000,1000,190,21,2
269,196,16,185,1000,1000,15,1000,195,15,1000,1000,1000,1000,190,21,3
269,196,16,185,1000,1000,15,186,195,15,195,14,1000,1000,190,21,4
269,196,16,185,1000,200,1000,1000,195,15,1000,1000,1000,1000,190,21,5
269,196,16,185,1000,200,1000,186,195,15,1000,1000,1000,1000,190,21,6
269,196,16,185,1000,200,15,1000,195,15,199,20,1000,1000,190,21,7
269,196,16,185,1000,200,15,186,195,15,199,14,1000,1000,190,21,8
269,196,16,185,271,1000,1000,1000,195,15,1000,1000,1000,1000,190,21,9
269,196,16,185,271,1000,1000,186,195,15,197,14,1000,1000,190,21,10
269,196,16,185,271,1000,15,1000,195,15,1000,1000,1000,1000,190,21,11
269,196,16,185,271,1000,15,186,195,15,197,14,1000,1000,190,21,12
269,196,16,185,271,200,1000,1000,195,15,192,16,1000,1000,190,21,13
269,196,16,185,271,200,1000,186,195,15,197,16,1000,1000,190,21,14
269,196,16,185,271,200,15,1000,195,15,199,16,1000,1000,190,21,15
269,196,16,185,271,200,15,186,195,15,197,14,198,16,190,21,16
269,196,16,185,1000,1000,1000,1000,195,15,1000,1000,1000,1000,187,22,1
269,196,16,185,1000,1000,1000,188,195,15,1000,1000,1000,1000,187,22,2
269,196,16,185,1000,1000,17,1000,195,15,1000,1000,1000,1000,187,22,3
269,196,16,185,1000,1000,17,188,195,15,188,12,1000,1000,187,22,4
269,196,16,185,1000,199,1000,1000,195,15,1000,1000,1000,1000,187,22,5
269,196,16,185,1000,199,1000,188,195,15,1000,1000,1000,1000,187,22,6
269,196,16,185,1000,199,17,1000,195,15,198,20,1000,1000,187,22,7
269,196,16,185,1000,199,17,188,195,15,198,12,1000,1000,187,22,8
269,196,16,185,270,1000,1000,1000,195,15,1000,1000,1000,1000,187,22,9
269,196,16,185,270,1000,1000,188,195,15,194,12,1000,1000,187,22,10
269,196,16,185,270,1000,17,1000,195,15,1000,1000,1000,1000,187,22,11
269,196,16,185,270,1000,17,188,195,15,194,12,1000,1000,187,22,12
269,196,16,185,270,199,1000,1000,195,15,191,17,1000,1000,187,22,13
269,196,16,185,270,199,1000,188,195,15,194,17,1000,1000,187,22,14
269,196,16,185,270,199,17,1000,195,15,198,17,1000,1000,187,22,15
269,196,16,185,270,199,17,188,195,15,194,12,195,15,187,22,16
269,196,16,185,1000,1000,1000,1000,195,15,1000,1000,1000,1000,191,20,1
269,196,16,185,1000,1000,1000,188,195,15,1000,1000,1000,1000,191,20,2
269,196,16,185,1000,1000,15,1000,195,15,1000,1000,1000,1000,191,20,3
269,196,16,185,1000,1000,15,188,195,15,191,12,1000,1000,191,20,4
269,196,16,185,1000,201,1000,1000,195,15,1000,1000,1000,1000,191,20,5
269,196,16,185,1000,201,1000,188,195,15,1000,1000,1000,1000,191,20,6
269,196,16,185,1000,201,15,1000,195,15,200,20,1000,1000,191,20,7
269,196,16,185,1000,201,15,188,195,15,200,12,1000,1000,191,20,8
269,196,16,185,273,1000,1000,1000,195,15,1000,1000,1000,1000,191,20,9
269,196,16,185,273,1000,1000,188,195,15,198,12,1000,1000,191,20,10
269,196,16,185,273,1000,15,1000,195,15,1000,1000,1000,1000,191,20,11
269,196,16,185,273,1000,15,188,195,15,198,12,1000,1000,191,20,12
269,196,16,185,273,201,1000,1000,195,15,193,15,1000,1000,191,20,13
269,196,16,185,273,201,1000,188,195,15,198,15,1000,1000,191,20,14
269,196,16,185,273,201,15,1000,195,15,200,15,1000,1000,191,20,15
269,196,16,185,273,201,15,188,195,15,198,12,199,14,191,20,16
