65531,325,265,181,188,193
65530,178,263,263,6,100
65533,334,264,181,204,192
65532,182,264,183,8,190
65529,325,262,178,192,192
65532,182,264,178,8,195
65533,262,263,181,98,191
65529,179,263,181,7,191
65530,328,262,180,197,190
65531,181,262,180,10,190
65528,325,261,179,193,190
65530,181,264,183,7,190
65530,182,261,179,12,190
65532,180,263,183,8,189
65533,329,261,179,200,190
65528,179,260,183,11,185
65533,327,261,181,197,188
65530,180,263,178,8,193
65531,458,263,179,451,192
65534,184,264,182,10,191
