169,233,169,49,178,229,153,32,165,165,173,156,175,153,173,155
169,233,169,49,173,226,151,29,165,165,171,155,172,154,170,154
169,233,169,49,158,217,150,29,165,165,161,154,161,155,161,154
169,233,169,49,179,230,152,32,165,165,175,155,177,153,174,155
169,233,169,49,157,221,153,30,165,165,164,156,161,159,163,156
169,233,169,49,175,224,151,28,165,165,169,154,173,151,168,154
169,233,169,49,158,221,154,31,165,165,163,157,161,159,162,156
169,233,169,49,181,229,155,30,165,165,172,156,177,152,172,156
169,233,169,49,65479,65479,65479,65479,165,165,172,156,100,100,253,157
169,233,169,49,157,218,150,29,165,165,163,154,161,156,162,154
169,233,169,49,174,227,153,30,165,165,171,156,172,154,170,156
169,233,169,49,156,220,152,29,165,165,163,156,160,159,163,155
169,233,169,49,175,226,154,31,165,165,169,156,172,153,168,156
169,233,169,49,162,221,156,31,165,165,161,158,163,157,161,158
169,233,169,49,179,227,155,30,165,165,170,156,175,152,169,155
169,233,169,49,171,233,152,29,165,165,178,156,173,160,177,155
169,233,169,49,159,220,152,33,165,165,163,155,161,157,163,155
169,233,169,49,173,225,155,29,165,165,167,157,171,154,166,156
169,233,169,49,156,220,153,31,165,165,162,156,160,159,162,156
169,233,169,49,177,227,153,30,165,165,171,155,174,152,170,155
